time,temp,wind_spd,wind_dir,solar,hour,month,target_temp,target_wind_spd,target_wind_dir,target_solar
2015-12-01 03:00:00,41.54,0.7,44.0,0.0,3,12,41.72,0.3,23.8,0.0
2015-12-01 03:15:00,41.54,0.7,61.6,0.0,3,12,41.9,0.5,50.9,0.0
2015-12-01 03:30:00,41.9,0.4,57.9,0.0,3,12,42.08,0.5,60.9,0.0
2015-12-01 03:45:00,41.72,0.4,35.4,0.0,3,12,42.26,0.5,33.6,0.0
2015-12-02 03:00:00,43.34,0.4,55.2,0.0,3,12,43.52,0.7,71.9,0.0
2015-12-02 03:15:00,43.34,0.2,48.9,0.0,3,12,43.52,0.3,80.7,0.0
2015-12-02 03:30:00,43.34,0.3,64.2,0.0,3,12,43.52,0.3,86.9,0.0
2015-12-02 03:45:00,43.52,0.7,59.5,0.0,3,12,43.7,0.4,79.1,0.0
2015-12-03 03:00:00,51.62,1.7,279.6,0.0,3,12,50.72,1.4,270.1,0.0
2015-12-03 03:15:00,51.44,1.5,270.8,0.0,3,12,50.0,1.4,273.5,0.0
2015-12-03 03:30:00,51.26,1.3,261.7,0.0,3,12,49.28,1.2,268.4,0.0
2015-12-03 03:45:00,51.08,1.5,262.6,0.0,3,12,48.74,1.7,283.5,0.0
2015-12-04 03:00:00,32.36,0.7,8.3,0.0,3,12,30.2,0.2,233.0,0.0
2015-12-04 03:15:00,32.18,0.3,82.2,0.0,3,12,29.84,0.5,245.3,0.0
2015-12-04 03:30:00,31.64,0.2,166.9,0.0,3,12,28.94,0.7,262.9,0.0
2015-12-04 03:45:00,30.92,0.4,232.6,0.0,3,12,28.76,0.8,174.2,0.0
2015-12-05 03:00:00,27.5,0.5,279.2,0.0,3,12,26.78,0.7,250.0,0.0
2015-12-05 03:15:00,27.32,0.4,270.4,0.0,3,12,26.6,0.4,209.0,0.0
2015-12-05 03:30:00,26.96,0.4,266.8,0.0,3,12,26.42,0.4,235.5,0.0
2015-12-05 03:45:00,26.78,0.6,325.9,0.0,3,12,26.42,0.2,230.7,0.0
2015-12-06 03:00:00,26.96,0.2,282.8,0.0,3,12,26.6,0.3,206.6,0.0
2015-12-06 03:15:00,26.78,0.2,282.8,0.0,3,12,26.24,0.2,272.1,0.0
2015-12-06 03:30:00,26.6,0.2,282.8,0.0,3,12,26.06,0.2,272.1,0.0
2015-12-06 03:45:00,26.24,0.3,214.7,0.0,3,12,25.88,0.2,272.1,0.0
2015-12-07 03:00:00,32.18,0.4,217.7,0.0,3,12,34.52,0.7,233.9,0.0
2015-12-07 03:15:00,32.54,0.6,223.6,0.0,3,12,34.88,0.8,246.5,0.0
2015-12-07 03:30:00,33.62,0.8,237.2,0.0,3,12,34.52,0.7,249.9,0.0
2015-12-07 03:45:00,34.52,0.8,230.4,0.0,3,12,34.88,0.5,219.7,0.0
2015-12-08 03:00:00,41.9,1.9,359.9,0.0,3,12,41.72,1.5,4.8,0.0
2015-12-08 03:15:00,41.9,1.7,356.5,0.0,3,12,41.9,1.4,24.8,0.0
2015-12-08 03:30:00,41.72,1.7,346.1,0.0,3,12,42.08,1.2,33.0,0.0
2015-12-08 03:45:00,41.9,1.4,9.3,0.0,3,12,42.44,1.6,55.7,0.0
2015-12-09 03:00:00,32.54,0.3,170.9,0.0,3,12,29.84,0.2,205.8,0.0
2015-12-09 03:15:00,32.18,0.3,152.8,0.0,3,12,28.94,0.2,206.2,0.0
2015-12-09 03:30:00,31.28,0.2,177.8,0.0,3,12,28.4,0.3,206.2,0.0
2015-12-09 03:45:00,30.38,0.2,203.7,0.0,3,12,27.86,0.6,206.1,0.0
2015-12-10 03:00:00,53.42,1.5,165.7,0.0,3,12,52.88,2.0,181.9,0.0
2015-12-10 03:15:00,53.24,1.6,164.7,0.0,3,12,52.52,1.7,170.9,0.0
2015-12-10 03:30:00,53.6,1.6,170.2,0.0,3,12,52.16,1.4,157.0,0.0
2015-12-10 03:45:00,53.6,2.3,180.4,0.0,3,12,50.72,1.0,152.2,0.0
2015-12-11 03:00:00,40.28,0.3,70.1,0.0,3,12,40.28,0.3,353.0,0.0
2015-12-11 03:15:00,40.28,0.3,72.0,0.0,3,12,40.28,0.4,353.3,0.0
2015-12-11 03:30:00,40.1,0.3,64.7,0.0,3,12,40.46,0.3,27.1,0.0
2015-12-11 03:45:00,40.1,0.2,359.9,0.0,3,12,41.0,0.3,317.9,0.0
2015-12-12 03:00:00,51.8,1.1,266.7,0.0,3,12,50.36,0.6,228.9,0.0
2015-12-12 03:15:00,53.6,1.5,277.0,0.0,3,12,49.1,0.6,169.9,0.0
2015-12-12 03:30:00,54.86,1.7,274.5,0.0,3,12,48.56,0.4,117.0,0.0
2015-12-12 03:45:00,52.34,0.9,265.0,0.0,3,12,48.02,0.3,208.2,0.0
2015-12-13 03:00:00,51.26,0.3,80.6,0.0,3,12,51.62,0.4,200.1,0.0
2015-12-13 03:15:00,51.26,0.2,171.5,0.0,3,12,51.62,0.6,234.0,0.0
2015-12-13 03:30:00,51.26,0.3,191.0,0.0,3,12,51.62,0.4,225.4,0.0
2015-12-13 03:45:00,51.26,0.4,197.5,0.0,3,12,51.8,0.4,45.9,0.0
2015-12-14 03:00:00,51.98,0.6,69.7,0.0,3,12,51.98,1.1,92.3,0.0
2015-12-14 03:15:00,51.8,0.3,56.3,0.0,3,12,51.98,1.4,124.4,0.0
2015-12-14 03:30:00,51.62,0.5,56.4,0.0,3,12,51.8,1.1,116.8,0.0
2015-12-14 03:45:00,51.8,0.8,95.4,0.0,3,12,51.8,0.7,93.2,0.0
2015-12-15 03:00:00,59.36,2.9,225.1,0.0,3,12,59.72,2.2,280.7,0.0
2015-12-15 03:15:00,59.36,2.9,226.2,0.0,3,12,59.36,1.7,278.2,0.0
2015-12-15 03:30:00,59.54,3.5,260.1,0.0,3,12,58.82,1.4,255.5,0.0
2015-12-15 03:45:00,59.72,2.5,284.1,0.0,3,12,58.82,1.4,239.2,0.0
2015-12-16 03:00:00,43.16,1.3,300.4,0.0,3,12,42.8,1.4,341.7,0.0
2015-12-16 03:15:00,42.8,1.2,328.5,0.0,3,12,43.16,1.8,346.2,0.0
2015-12-16 03:30:00,42.8,1.3,337.2,0.0,3,12,43.52,1.9,356.5,0.0
2015-12-16 03:45:00,42.8,1.1,341.5,0.0,3,12,43.34,1.8,356.4,0.0
2015-12-17 03:00:00,47.66,3.4,138.1,0.0,3,12,48.2,2.8,141.8,0.0
2015-12-17 03:15:00,47.66,3.2,141.5,0.0,3,12,48.56,2.4,141.8,0.0
2015-12-17 03:30:00,47.84,3.6,137.7,0.0,3,12,48.92,3.0,140.8,0.0
2015-12-17 03:45:00,48.02,2.7,147.4,0.0,3,12,49.1,2.4,140.8,0.0
2015-12-18 03:00:00,53.24,1.5,286.4,0.0,3,12,51.98,1.1,274.2,0.0
2015-12-18 03:15:00,52.88,1.3,291.9,0.0,3,12,51.8,1.1,256.9,0.0
2015-12-18 03:30:00,52.52,1.1,283.1,0.0,3,12,51.26,0.4,218.1,0.0
2015-12-18 03:45:00,52.16,1.1,289.0,0.0,3,12,51.08,0.4,220.9,0.0
2015-12-19 03:00:00,36.5,2.6,278.9,0.0,3,12,35.06,1.8,275.7,0.0
2015-12-19 03:15:00,36.14,2.0,276.6,0.0,3,12,35.06,2.1,276.0,0.0
2015-12-19 03:30:00,35.78,2.3,277.9,0.0,3,12,35.24,2.2,267.2,0.0
2015-12-19 03:45:00,35.6,2.1,273.3,0.0,3,12,35.24,2.5,264.7,0.0
2015-12-20 03:00:00,34.88,5.5,296.9,0.0,3,12,33.8,4.5,305.1,0.0
2015-12-20 03:15:00,34.52,6.0,298.8,0.0,3,12,33.44,3.9,299.0,0.0
2015-12-20 03:30:00,34.16,5.3,301.5,0.0,3,12,33.44,3.9,297.5,0.0
2015-12-20 03:45:00,33.98,5.1,301.6,0.0,3,12,33.26,4.1,292.0,0.0
2015-12-21 03:00:00,31.1,0.7,236.8,0.0,3,12,30.2,0.4,236.0,0.0
2015-12-21 03:15:00,30.38,0.5,242.1,0.0,3,12,30.2,0.6,217.9,0.0
2015-12-21 03:30:00,30.56,0.7,235.7,0.0,3,12,30.38,0.6,221.7,0.0
2015-12-21 03:45:00,30.74,0.3,229.9,0.0,3,12,30.2,0.5,281.8,0.0
2015-12-22 03:00:00,53.42,0.9,213.4,0.0,3,12,51.98,0.9,173.2,0.0
2015-12-22 03:15:00,53.24,0.9,189.5,0.0,3,12,51.8,1.0,177.6,0.0
2015-12-22 03:30:00,52.7,1.1,182.2,0.0,3,12,51.62,1.2,178.2,0.0
2015-12-22 03:45:00,52.34,0.9,187.5,0.0,3,12,51.62,1.1,188.7,0.0
2015-12-23 03:00:00,47.66,0.2,243.6,0.0,3,12,46.22,0.2,292.1,0.0
2015-12-23 03:15:00,47.12,0.2,292.1,0.0,3,12,46.04,0.2,292.1,0.0
2015-12-23 03:30:00,46.76,0.2,292.1,0.0,3,12,45.68,0.2,292.1,0.0
2015-12-23 03:45:00,46.58,0.2,292.1,0.0,3,12,45.86,0.2,292.1,0.0
2015-12-24 03:00:00,59.9,3.2,211.4,0.0,3,12,60.44,3.4,217.9,0.0
2015-12-24 03:15:00,60.26,3.8,206.9,0.0,3,12,60.26,2.8,218.5,0.0
2015-12-24 03:30:00,60.62,3.0,225.7,0.0,3,12,60.08,3.0,218.9,0.0
2015-12-24 03:45:00,60.62,3.9,220.5,0.0,3,12,59.72,2.7,219.0,0.0
2015-12-25 03:00:00,54.14,0.2,108.7,0.0,3,12,53.42,0.3,273.1,0.0
2015-12-25 03:15:00,54.14,0.3,282.5,0.0,3,12,53.78,0.3,209.3,0.0
2015-12-25 03:30:00,53.06,0.4,206.0,0.0,3,12,54.14,0.2,200.4,0.0
2015-12-25 03:45:00,53.24,0.4,226.4,0.0,3,12,54.14,0.3,241.4,0.0
2015-12-26 03:00:00,53.42,1.5,0.3,0.0,3,12,52.34,1.1,12.6,0.0
2015-12-26 03:15:00,53.24,1.1,12.9,0.0,3,12,52.52,1.3,8.0,0.0
2015-12-26 03:30:00,52.88,1.1,2.0,0.0,3,12,52.34,1.3,2.2,0.0
2015-12-26 03:45:00,52.7,1.1,7.5,0.0,3,12,51.98,1.3,1.2,0.0
2015-12-27 03:00:00,48.56,2.8,128.1,0.0,3,12,49.82,1.5,130.9,0.0
2015-12-27 03:15:00,48.74,2.4,128.0,0.0,3,12,50.0,1.5,151.1,0.0
2015-12-27 03:30:00,49.1,2.0,129.6,0.0,3,12,50.18,1.5,155.4,0.0
2015-12-27 03:45:00,49.46,2.2,127.3,0.0,3,12,50.36,1.3,161.8,0.0
2015-12-28 03:00:00,39.92,2.8,329.3,0.0,3,12,38.66,2.4,345.8,0.0
2015-12-28 03:15:00,39.38,2.5,331.1,0.0,3,12,38.66,2.3,344.4,0.0
2015-12-28 03:30:00,39.02,2.7,328.3,0.0,3,12,38.48,2.0,332.0,0.0
2015-12-28 03:45:00,38.84,3.0,334.1,0.0,3,12,38.3,2.0,326.8,0.0
2015-12-29 03:00:00,36.5,2.8,97.6,0.0,3,12,37.76,3.1,99.2,0.0
2015-12-29 03:15:00,36.68,2.8,92.0,0.0,3,12,38.12,2.6,93.4,0.0
2015-12-29 03:30:00,36.86,2.8,95.4,0.0,3,12,38.66,2.5,91.5,0.0
2015-12-29 03:45:00,37.4,2.8,96.7,0.0,3,12,38.84,2.6,100.1,0.0
2015-12-30 03:00:00,37.4,0.9,41.1,0.0,3,12,37.4,1.3,67.0,0.0
2015-12-30 03:15:00,37.4,1.0,45.0,0.0,3,12,37.4,1.0,64.8,0.0
2015-12-30 03:30:00,37.4,0.9,23.3,0.0,3,12,37.4,1.4,79.7,0.0
2015-12-30 03:45:00,37.4,0.8,28.9,0.0,3,12,37.58,1.2,88.4,0.0
2015-12-31 03:00:00,47.48,1.8,342.9,0.0,3,12,44.24,1.5,326.2,0.0
2015-12-31 03:15:00,46.76,1.6,340.7,0.0,3,12,44.06,1.4,313.3,0.0
2015-12-31 03:30:00,45.86,1.2,332.8,0.0,3,12,43.7,2.0,321.2,0.0
2015-12-31 03:45:00,45.14,1.6,327.0,0.0,3,12,42.62,2.1,327.0,0.0
2016-12-01 03:00:00,58.64,3.1,210.4,0.0,3,12,57.92,2.3,213.7,0.0
2016-12-01 03:15:00,58.1,3.5,214.3,0.0,3,12,57.92,2.6,219.5,0.0
2016-12-01 03:30:00,57.92,3.3,220.9,0.0,3,12,58.1,2.8,239.5,0.0
2016-12-01 03:45:00,57.92,2.9,216.9,0.0,3,12,58.28,2.5,242.8,0.0
2016-12-02 03:00:00,38.84,1.9,273.3,0.0,3,12,37.58,1.3,256.1,0.0
2016-12-02 03:15:00,38.84,1.8,276.5,0.0,3,12,37.76,1.2,255.1,0.0
2016-12-02 03:30:00,38.66,1.8,279.5,0.0,3,12,37.22,1.6,256.0,0.0
2016-12-02 03:45:00,38.12,1.6,273.6,0.0,3,12,36.86,1.5,250.6,0.0
2016-12-03 03:00:00,42.26,3.8,289.1,0.0,3,12,41.18,3.2,293.5,0.0
2016-12-03 03:15:00,42.08,3.9,292.4,0.0,3,12,41.18,3.5,292.3,0.0
2016-12-03 03:30:00,42.08,4.4,296.2,0.0,3,12,41.0,3.6,295.5,0.0
2016-12-03 03:45:00,41.54,3.4,295.6,0.0,3,12,40.82,3.3,293.7,0.0
2016-12-04 03:00:00,36.86,2.2,320.6,0.0,3,12,35.06,1.3,320.7,0.0
2016-12-04 03:15:00,36.5,2.1,308.9,0.0,3,12,34.52,0.9,318.1,0.0
2016-12-04 03:30:00,36.5,2.5,313.2,0.0,3,12,34.52,1.1,328.8,0.0
2016-12-04 03:45:00,35.78,1.5,314.0,0.0,3,12,34.52,1.5,304.5,0.0
2016-12-05 03:00:00,34.34,0.5,63.1,0.0,3,12,33.62,1.0,18.2,0.0
2016-12-05 03:15:00,33.98,0.7,338.8,0.0,3,12,33.62,1.4,60.2,0.0
2016-12-05 03:30:00,33.8,0.6,322.4,0.0,3,12,34.16,0.7,93.7,0.0
2016-12-05 03:45:00,33.98,0.5,316.2,0.0,3,12,34.34,0.4,222.0,0.0
2016-12-06 03:00:00,27.5,0.7,318.8,0.0,3,12,26.6,0.6,268.1,0.0
2016-12-06 03:15:00,27.14,0.4,307.2,0.0,3,12,26.6,0.5,280.8,0.0
2016-12-06 03:30:00,26.96,0.4,300.0,0.0,3,12,26.78,0.5,261.5,0.0
2016-12-06 03:45:00,26.96,0.5,301.6,0.0,3,12,27.14,0.6,289.5,0.0
2016-12-07 03:00:00,39.92,1.4,57.8,0.0,3,12,40.1,1.2,15.6,0.0
2016-12-07 03:15:00,40.1,1.5,44.1,0.0,3,12,40.1,1.2,13.3,0.0
2016-12-07 03:30:00,40.1,1.2,54.4,0.0,3,12,40.1,1.5,25.6,0.0
2016-12-07 03:45:00,40.1,1.3,52.8,0.0,3,12,39.92,1.1,26.3,0.0
2016-12-08 03:00:00,28.76,0.4,273.6,0.0,3,12,28.58,0.2,273.3,0.0
2016-12-08 03:15:00,28.76,0.2,273.4,0.0,3,12,28.4,0.2,272.8,0.0
2016-12-08 03:30:00,28.76,0.2,273.4,0.0,3,12,28.4,0.2,271.6,0.0
2016-12-08 03:45:00,28.76,0.2,273.4,0.0,3,12,28.4,0.2,203.5,0.0
2016-12-09 03:00:00,33.26,2.8,291.8,0.0,3,12,32.72,3.1,291.8,0.0
2016-12-09 03:15:00,33.26,3.1,291.1,0.0,3,12,32.36,2.6,295.5,0.0
2016-12-09 03:30:00,33.08,2.8,292.8,0.0,3,12,32.36,3.7,301.6,0.0
2016-12-09 03:45:00,33.08,3.7,283.8,0.0,3,12,32.54,4.1,293.1,0.0
2016-12-10 03:00:00,24.44,0.6,285.1,0.0,3,12,22.64,0.3,281.2,0.0
2016-12-10 03:15:00,23.54,0.9,276.6,0.0,3,12,21.56,0.5,233.2,0.0
2016-12-10 03:30:00,23.72,1.0,276.8,0.0,3,12,21.02,0.5,238.3,0.0
2016-12-10 03:45:00,22.82,0.4,283.7,0.0,3,12,20.48,0.3,253.8,0.0
2016-12-11 03:00:00,18.86,0.4,280.7,0.0,3,12,19.22,0.6,268.5,0.0
2016-12-11 03:15:00,19.04,0.4,280.5,0.0,3,12,19.22,0.7,286.2,0.0
2016-12-11 03:30:00,19.04,0.4,269.1,0.0,3,12,19.04,0.5,278.8,0.0
2016-12-11 03:45:00,19.04,0.5,274.7,0.0,3,12,18.86,0.5,260.0,0.0
2016-12-12 03:00:00,31.82,0.4,27.3,0.0,3,12,33.08,0.4,118.9,0.0
2016-12-12 03:15:00,32.0,0.3,33.7,0.0,3,12,33.08,0.5,310.5,0.0
2016-12-12 03:30:00,32.18,0.4,359.3,0.0,3,12,33.26,0.2,33.9,0.0
2016-12-12 03:45:00,32.54,0.5,72.3,0.0,3,12,34.7,0.6,131.6,0.0
2016-12-13 03:00:00,36.68,2.5,306.5,0.0,3,12,35.78,2.8,300.9,0.0
2016-12-13 03:15:00,35.96,2.3,309.9,0.0,3,12,35.24,2.2,298.1,0.0
2016-12-13 03:30:00,35.78,2.9,302.1,0.0,3,12,35.24,2.1,299.8,0.0
2016-12-13 03:45:00,36.14,3.3,304.3,0.0,3,12,35.24,2.3,300.6,0.0
2016-12-14 03:00:00,34.52,0.5,323.8,0.0,3,12,33.44,0.3,268.8,0.0
2016-12-14 03:15:00,34.52,0.5,311.0,0.0,3,12,32.9,0.3,267.6,0.0
2016-12-14 03:30:00,34.34,0.5,315.8,0.0,3,12,32.9,0.3,267.9,0.0
2016-12-14 03:45:00,33.98,0.4,285.0,0.0,3,12,32.54,0.6,311.6,0.0
2016-12-15 03:00:00,31.82,2.2,283.7,0.0,3,12,31.82,1.8,271.6,0.0
2016-12-15 03:15:00,32.0,2.4,280.9,0.0,3,12,31.82,1.8,273.3,0.0
2016-12-15 03:30:00,32.18,2.6,268.1,0.0,3,12,31.46,1.7,277.7,0.0
2016-12-15 03:45:00,32.18,1.8,272.6,0.0,3,12,31.64,2.5,277.7,0.0
2016-12-16 03:00:00,18.68,3.0,289.8,0.0,3,12,18.32,3.9,290.6,0.0
2016-12-16 03:15:00,18.68,3.5,296.1,0.0,3,12,18.32,3.5,296.0,0.0
2016-12-16 03:30:00,18.5,3.5,294.9,0.0,3,12,18.14,3.4,295.6,0.0
2016-12-16 03:45:00,18.32,3.2,290.4,0.0,3,12,17.78,2.6,296.1,0.0
2016-12-17 03:00:00,23.9,0.9,53.5,0.0,3,12,22.64,0.7,45.5,0.0
2016-12-17 03:15:00,23.18,0.6,63.0,0.0,3,12,22.64,0.5,50.9,0.0
2016-12-17 03:30:00,23.0,0.3,19.8,0.0,3,12,22.64,0.4,20.8,0.0
2016-12-17 03:45:00,23.0,0.6,54.5,0.0,3,12,22.82,0.7,69.7,0.0
2016-12-18 03:00:00,46.94,2.9,203.3,0.0,3,12,46.94,2.7,194.8,0.0
2016-12-18 03:15:00,46.94,2.1,207.1,0.0,3,12,47.12,2.2,192.0,0.0
2016-12-18 03:30:00,46.76,2.5,204.9,0.0,3,12,47.66,2.6,194.6,0.0
2016-12-18 03:45:00,46.94,2.3,199.1,0.0,3,12,48.02,2.8,184.8,0.0
2016-12-19 03:00:00,27.86,2.5,345.6,0.0,3,12,26.24,2.8,345.1,0.0
2016-12-19 03:15:00,27.5,2.2,342.4,0.0,3,12,25.88,2.1,357.7,0.0
2016-12-19 03:30:00,27.14,2.5,342.0,0.0,3,12,25.34,2.3,342.7,0.0
2016-12-19 03:45:00,26.78,2.3,347.7,0.0,3,12,24.98,2.4,335.4,0.0
2016-12-20 03:00:00,19.76,0.6,336.1,0.0,3,12,16.52,0.5,288.1,0.0
2016-12-20 03:15:00,19.04,0.6,313.0,0.0,3,12,16.34,0.6,302.1,0.0
2016-12-20 03:30:00,18.14,0.4,313.9,0.0,3,12,16.16,0.3,280.5,0.0
2016-12-20 03:45:00,17.24,0.8,291.2,0.0,3,12,17.06,0.4,323.6,0.0
2016-12-21 03:00:00,24.62,0.9,277.9,0.0,3,12,24.08,1.1,264.9,0.0
2016-12-21 03:15:00,24.26,0.8,260.3,0.0,3,12,23.72,1.0,260.6,0.0
2016-12-21 03:30:00,23.9,0.7,259.7,0.0,3,12,23.9,1.0,270.4,0.0
2016-12-21 03:45:00,24.08,0.9,279.5,0.0,3,12,24.26,1.1,257.8,0.0
2016-12-22 03:00:00,28.04,0.3,275.2,0.0,3,12,27.14,0.2,312.6,0.0
2016-12-22 03:15:00,27.86,0.2,308.3,0.0,3,12,27.14,0.2,313.2,0.0
2016-12-22 03:30:00,27.5,0.2,312.6,0.0,3,12,27.5,0.2,323.0,0.0
2016-12-22 03:45:00,27.5,0.2,312.3,0.0,3,12,27.5,0.3,10.9,0.0
2016-12-23 03:00:00,30.02,0.6,268.1,0.0,3,12,25.88,0.5,192.1,0.0
2016-12-23 03:15:00,28.76,0.5,2.0,0.0,3,12,25.16,0.6,216.9,0.0
2016-12-23 03:30:00,28.04,0.6,255.2,0.0,3,12,24.8,0.7,239.8,0.0
2016-12-23 03:45:00,26.96,0.3,235.1,0.0,3,12,24.62,0.7,228.0,0.0
2016-12-24 03:00:00,37.76,1.4,237.4,0.0,3,12,39.56,1.4,201.3,0.0
2016-12-24 03:15:00,38.84,1.2,239.8,0.0,3,12,40.28,1.9,220.2,0.0
2016-12-24 03:30:00,38.84,0.9,174.6,0.0,3,12,40.46,1.6,196.0,0.0
2016-12-24 03:45:00,38.66,1.4,164.4,0.0,3,12,40.46,1.5,195.3,0.0
2016-12-25 03:00:00,28.94,0.3,218.4,0.0,3,12,28.76,0.7,256.2,0.0
2016-12-25 03:15:00,28.94,0.7,234.3,0.0,3,12,28.4,0.7,251.1,0.0
2016-12-25 03:30:00,28.94,0.6,239.8,0.0,3,12,28.4,0.4,230.3,0.0
2016-12-25 03:45:00,28.94,0.7,277.5,0.0,3,12,28.58,0.4,225.6,0.0
2016-12-26 03:00:00,26.78,0.6,40.1,0.0,3,12,27.68,1.0,69.5,0.0
2016-12-26 03:15:00,26.78,0.6,58.7,0.0,3,12,27.86,1.0,75.6,0.0
2016-12-26 03:30:00,26.96,0.6,59.5,0.0,3,12,27.86,0.9,58.2,0.0
2016-12-26 03:45:00,26.96,0.4,57.8,0.0,3,12,27.32,0.7,39.5,0.0
2016-12-27 03:00:00,50.72,4.4,216.2,0.0,3,12,52.88,4.5,218.5,0.0
2016-12-27 03:15:00,51.26,3.9,218.5,0.0,3,12,52.7,4.4,217.9,0.0
2016-12-27 03:30:00,51.98,4.0,225.2,0.0,3,12,52.34,4.1,211.6,0.0
2016-12-27 03:45:00,52.7,4.3,226.0,0.0,3,12,52.52,4.6,220.5,0.0
2016-12-28 03:00:00,27.32,0.6,232.2,0.0,3,12,28.94,0.3,219.1,0.0
2016-12-28 03:15:00,27.68,0.5,241.8,0.0,3,12,29.48,0.4,267.7,0.0
2016-12-28 03:30:00,28.04,0.5,234.4,0.0,3,12,30.02,0.3,242.6,0.0
2016-12-28 03:45:00,28.4,0.3,204.1,0.0,3,12,30.56,0.4,238.5,0.0
2016-12-29 03:00:00,22.64,0.2,4.2,0.0,3,12,23.54,0.3,20.8,0.0
2016-12-29 03:15:00,22.64,0.3,25.3,0.0,3,12,23.54,0.3,48.6,0.0
2016-12-29 03:30:00,23.18,0.3,22.5,0.0,3,12,23.36,0.5,2.5,0.0
2016-12-29 03:45:00,23.36,0.3,11.1,0.0,3,12,23.18,0.3,53.8,0.0
2016-12-30 03:00:00,33.44,1.6,274.0,0.0,3,12,32.72,1.6,246.7,0.0
2016-12-30 03:15:00,33.44,1.9,266.1,0.0,3,12,31.82,1.6,227.1,0.0
2016-12-30 03:30:00,33.26,1.7,267.8,0.0,3,12,31.1,1.7,234.3,0.0
2016-12-30 03:45:00,33.08,1.8,256.1,0.0,3,12,30.92,1.4,231.2,0.0
2016-12-31 03:00:00,30.2,1.5,244.1,0.0,3,12,28.04,1.1,276.6,0.0
2016-12-31 03:15:00,29.12,0.9,222.4,0.0,3,12,27.32,1.6,279.6,0.0
2016-12-31 03:30:00,27.86,1.2,234.8,0.0,3,12,27.68,1.4,265.2,0.0
2016-12-31 03:45:00,27.86,1.5,278.3,0.0,3,12,27.86,1.5,251.6,0.0
2017-12-01 03:00:00,48.56,0.7,253.0,-4.4,3,12,48.56,1.4,287.7,-4.3
2017-12-01 03:15:00,48.38,1.0,273.4,-4.1,3,12,48.38,1.1,279.5,-4.0
2017-12-01 03:30:00,48.56,1.4,282.4,-3.7,3,12,48.2,1.2,282.7,-3.8
2017-12-01 03:45:00,48.74,1.5,291.0,-4.2,3,12,47.84,1.2,286.0,-3.7
2017-12-02 03:00:00,28.22,0.5,279.7,-4.6,3,12,26.78,1.0,291.5,-4.1
2017-12-02 03:15:00,27.68,0.4,274.2,-4.5,3,12,26.42,0.4,272.6,-3.9
2017-12-02 03:30:00,27.5,0.5,290.9,-4.7,3,12,26.42,0.4,265.1,-4.1
2017-12-02 03:45:00,26.96,0.6,279.0,-4.4,3,12,26.24,0.4,265.2,-4.2
2017-12-03 03:00:00,28.22,0.6,302.6,-4.2,3,12,27.5,0.4,313.7,-4.2
2017-12-03 03:15:00,27.68,1.0,297.3,-3.9,3,12,27.68,0.4,313.7,-4.4
2017-12-03 03:30:00,27.68,0.4,313.6,-4.0,3,12,27.68,0.4,313.6,-4.5
2017-12-03 03:45:00,27.68,0.4,313.7,-3.9,3,12,27.68,0.4,313.6,-4.6
2017-12-04 03:00:00,28.94,0.4,292.9,-4.4,3,12,27.68,0.5,286.5,-4.2
2017-12-04 03:15:00,28.4,0.7,297.3,-4.4,3,12,27.5,0.8,290.5,-4.0
2017-12-04 03:30:00,28.22,1.0,304.5,-4.4,3,12,27.32,0.8,290.5,-4.0
2017-12-04 03:45:00,27.86,0.5,299.7,-4.3,3,12,27.14,1.0,290.5,-4.5
2017-12-05 03:00:00,46.76,3.3,135.8,-3.2,3,12,47.48,3.0,146.2,-3.4
2017-12-05 03:15:00,47.12,3.8,137.6,-3.2,3,12,47.48,2.8,146.8,-3.4
2017-12-05 03:30:00,47.3,3.6,136.7,-3.2,3,12,47.66,2.8,147.5,-3.5
2017-12-05 03:45:00,47.48,3.8,140.5,-3.2,3,12,47.84,2.9,148.5,-3.5
2017-12-06 03:00:00,57.02,2.4,218.0,-2.9,3,12,55.94,2.2,228.5,-3.1
2017-12-06 03:15:00,56.84,2.6,222.2,-2.9,3,12,55.76,2.0,226.3,-3.1
2017-12-06 03:30:00,56.48,2.9,230.1,-3.0,3,12,55.94,2.0,237.7,-3.2
2017-12-06 03:45:00,56.12,3.1,234.7,-3.1,3,12,53.96,4.8,274.4,-3.8
2017-12-07 03:00:00,35.96,1.0,271.3,-4.0,3,12,34.88,1.0,265.2,-3.8
2017-12-07 03:15:00,35.96,1.0,271.1,-3.8,3,12,35.06,1.0,270.7,-3.9
2017-12-07 03:30:00,35.78,0.9,263.4,-3.7,3,12,35.24,1.1,277.5,-4.0
2017-12-07 03:45:00,35.42,0.8,254.2,-3.8,3,12,34.52,1.0,269.2,-4.2
2017-12-08 03:00:00,33.98,1.4,265.7,-3.9,3,12,31.28,0.8,263.2,-4.4
2017-12-08 03:15:00,33.08,1.0,256.6,-3.9,3,12,31.28,0.9,245.7,-4.4
2017-12-08 03:30:00,32.36,1.0,267.7,-4.1,3,12,31.46,1.0,253.1,-4.3
2017-12-08 03:45:00,32.0,0.9,261.6,-4.3,3,12,29.84,0.6,247.4,-4.5
2017-12-09 03:00:00,33.26,0.8,260.3,-4.2,3,12,33.08,0.5,265.7,-3.5
2017-12-09 03:15:00,33.08,0.6,291.1,-4.2,3,12,32.9,0.6,282.0,-3.6
2017-12-09 03:30:00,33.08,0.7,285.4,-3.7,3,12,32.9,0.8,300.3,-3.5
2017-12-09 03:45:00,33.08,0.4,230.7,-3.4,3,12,32.9,0.6,282.4,-3.6
2017-12-10 03:00:00,31.28,0.5,262.5,-3.3,3,12,31.64,0.5,280.2,-3.1
2017-12-10 03:15:00,31.64,0.5,278.4,-3.0,3,12,31.46,0.5,283.3,-3.2
2017-12-10 03:30:00,31.64,0.5,283.1,-3.0,3,12,31.28,0.5,290.5,-3.4
2017-12-10 03:45:00,31.64,0.5,282.8,-3.1,3,12,31.1,0.5,280.4,-3.7
2017-12-11 03:00:00,33.26,1.1,255.0,-3.7,3,12,32.0,0.8,253.9,-3.4
2017-12-11 03:15:00,32.9,1.0,262.8,-3.9,3,12,32.9,1.2,260.0,-3.3
2017-12-11 03:30:00,31.82,0.7,256.8,-4.1,3,12,33.08,1.3,255.9,-3.2
2017-12-11 03:45:00,31.28,0.9,243.4,-3.7,3,12,33.8,2.5,248.6,-3.1
2017-12-12 03:00:00,29.84,0.4,45.8,-4.7,3,12,31.1,0.5,83.4,-3.8
2017-12-12 03:15:00,30.02,0.4,50.7,-4.5,3,12,31.28,0.7,78.5,-3.6
2017-12-12 03:30:00,30.2,0.5,59.6,-4.0,3,12,32.0,0.6,77.8,-3.3
2017-12-12 03:45:00,30.74,0.6,88.9,-3.5,3,12,31.64,0.3,50.6,-3.3
2017-12-13 03:00:00,25.52,4.5,287.5,-2.8,3,12,22.82,4.5,295.9,-3.0
2017-12-13 03:15:00,24.62,5.7,298.5,-2.8,3,12,23.0,3.5,288.6,-2.7
2017-12-13 03:30:00,23.72,5.1,296.0,-3.2,3,12,22.82,4.4,285.2,-2.7
2017-12-13 03:45:00,23.18,4.4,295.8,-3.2,3,12,21.92,5.2,287.6,-3.1
2017-12-14 03:00:00,22.1,0.6,67.0,-4.5,3,12,22.28,0.6,35.5,-4.1
2017-12-14 03:15:00,22.28,0.8,53.8,-4.3,3,12,22.1,0.6,43.8,-4.2
2017-12-14 03:30:00,22.28,0.6,52.3,-4.5,3,12,22.28,0.6,37.2,-4.2
2017-12-14 03:45:00,22.28,0.6,39.0,-4.4,3,12,22.28,0.6,34.7,-4.0
2017-12-15 03:00:00,12.92,0.6,244.3,-4.6,3,12,11.84,0.6,197.9,-4.3
2017-12-15 03:15:00,11.48,0.6,199.5,-4.5,3,12,11.66,0.4,80.0,-4.3
2017-12-15 03:30:00,12.56,0.5,245.5,-4.4,3,12,10.94,0.7,26.3,-4.3
2017-12-15 03:45:00,12.38,0.8,298.4,-4.4,3,12,10.4,0.4,213.2,-4.4
2017-12-16 03:00:00,18.68,1.0,255.6,-4.1,3,12,20.66,1.7,276.8,-3.9
2017-12-16 03:15:00,19.58,1.4,279.0,-4.1,3,12,20.12,1.5,266.1,-4.0
2017-12-16 03:30:00,20.12,1.7,277.6,-4.0,3,12,19.76,1.3,262.2,-4.0
2017-12-16 03:45:00,20.84,1.8,275.7,-3.9,3,12,20.12,1.5,270.0,-4.0
2017-12-17 03:00:00,29.3,0.9,332.4,-3.8,3,12,29.12,0.9,351.1,-3.8
2017-12-17 03:15:00,29.3,0.9,333.6,-3.9,3,12,28.94,0.8,341.7,-3.9
2017-12-17 03:30:00,29.3,0.9,327.8,-4.0,3,12,29.12,0.8,339.8,-3.9
2017-12-17 03:45:00,29.12,0.9,344.8,-3.8,3,12,29.12,0.7,348.9,-3.9
2017-12-18 03:00:00,31.28,0.8,79.4,-3.4,3,12,31.1,0.9,72.9,-3.6
2017-12-18 03:15:00,31.1,0.6,79.4,-3.6,3,12,31.28,1.0,94.1,-3.4
2017-12-18 03:30:00,30.92,0.6,41.4,-3.6,3,12,31.28,1.0,94.5,-3.1
2017-12-18 03:45:00,30.92,0.7,60.5,-3.6,3,12,31.28,1.0,101.3,-3.1
2017-12-19 03:00:00,42.44,1.9,286.5,-3.4,3,12,42.62,1.4,275.2,-3.3
2017-12-19 03:15:00,42.62,1.7,282.1,-3.2,3,12,42.98,1.4,278.2,-3.3
2017-12-19 03:30:00,42.62,1.4,277.3,-3.5,3,12,42.98,1.3,272.6,-3.3
2017-12-19 03:45:00,42.8,1.6,270.6,-3.4,3,12,43.34,1.3,270.4,-3.3
2017-12-20 03:00:00,48.74,2.0,290.8,-3.3,3,12,45.86,1.7,297.9,-4.2
2017-12-20 03:15:00,48.02,1.6,319.6,-3.4,3,12,45.32,1.8,286.0,-4.4
2017-12-20 03:30:00,47.66,1.8,314.2,-3.7,3,12,45.86,2.1,285.9,-4.1
2017-12-20 03:45:00,46.94,1.9,307.0,-3.9,3,12,45.5,2.1,281.8,-4.2
2017-12-21 03:00:00,24.08,0.7,268.0,-4.5,3,12,23.54,0.4,252.8,-4.2
2017-12-21 03:15:00,24.26,0.5,315.0,-4.3,3,12,23.54,0.6,313.9,-4.1
2017-12-21 03:30:00,24.26,0.6,329.7,-4.4,3,12,23.54,0.8,329.1,-4.5
2017-12-21 03:45:00,24.08,0.7,290.4,-4.2,3,12,23.18,0.6,315.7,-4.4
2017-12-22 03:00:00,25.34,0.4,12.7,-4.4,3,12,28.94,0.6,72.4,-3.6
2017-12-22 03:15:00,25.52,0.5,32.7,-4.2,3,12,28.94,0.6,49.0,-3.7
2017-12-22 03:30:00,26.42,0.5,35.1,-3.9,3,12,29.66,0.9,93.2,-3.5
2017-12-22 03:45:00,27.32,0.6,61.5,-3.8,3,12,29.66,0.7,62.8,-3.6
2017-12-23 03:00:00,34.16,1.6,91.6,-3.0,3,12,34.34,0.8,33.0,-3.6
2017-12-23 03:15:00,34.16,1.0,55.0,-3.2,3,12,34.52,0.9,74.3,-3.4
2017-12-23 03:30:00,34.16,0.8,38.1,-3.7,3,12,34.88,0.9,105.0,-3.2
2017-12-23 03:45:00,34.16,1.0,66.6,-3.7,3,12,35.24,0.7,235.3,-3.6
2017-12-24 03:00:00,37.94,1.9,319.5,-3.6,3,12,36.68,2.6,328.7,-3.6
2017-12-24 03:15:00,37.22,1.4,344.6,-4.1,3,12,36.68,2.3,328.5,-3.4
2017-12-24 03:30:00,36.5,1.1,329.9,-4.2,3,12,36.5,2.2,330.5,-3.4
2017-12-24 03:45:00,36.5,2.1,314.1,-3.9,3,12,36.14,2.5,329.9,-3.6
2017-12-25 03:00:00,37.58,2.3,70.9,-2.7,3,12,36.68,1.5,57.0,-2.8
2017-12-25 03:15:00,37.4,1.9,64.7,-2.6,3,12,36.86,1.2,30.0,-2.8
2017-12-25 03:30:00,37.04,1.7,43.2,-2.9,3,12,37.04,1.1,36.1,-2.8
2017-12-25 03:45:00,36.86,1.6,54.4,-2.9,3,12,37.4,1.1,352.7,-2.9
2017-12-26 03:00:00,25.7,3.1,277.3,-3.3,3,12,24.8,2.2,274.9,-3.5
2017-12-26 03:15:00,25.7,3.3,282.1,-3.2,3,12,24.44,2.2,274.6,-3.5
2017-12-26 03:30:00,25.52,3.8,281.7,-3.5,3,12,24.26,2.4,274.6,-3.6
2017-12-26 03:45:00,24.98,2.7,284.2,-3.6,3,12,24.26,2.5,281.9,-3.4
2017-12-27 03:00:00,20.3,2.7,296.4,-2.9,3,12,19.76,2.7,313.1,-2.8
2017-12-27 03:15:00,20.3,2.3,301.7,-2.9,3,12,19.58,1.9,311.9,-2.8
2017-12-27 03:30:00,20.12,2.6,311.1,-2.9,3,12,19.4,2.0,309.0,-2.9
2017-12-27 03:45:00,19.94,2.5,306.5,-2.9,3,12,19.4,1.7,298.9,-2.9
2017-12-28 03:00:00,13.82,1.6,302.1,-3.5,3,12,13.28,1.7,304.0,-3.4
2017-12-28 03:15:00,13.64,2.0,304.7,-3.5,3,12,13.46,1.5,303.9,-3.4
2017-12-28 03:30:00,13.64,1.8,302.2,-3.4,3,12,13.28,1.7,305.6,-3.5
2017-12-28 03:45:00,13.28,1.5,298.9,-3.5,3,12,12.92,1.5,305.6,-3.5
2017-12-29 03:00:00,9.68,1.7,305.4,-2.8,3,12,9.86,2.5,310.1,-2.7
2017-12-29 03:15:00,9.68,1.7,317.3,-2.9,3,12,9.86,2.0,304.2,-2.6
2017-12-29 03:30:00,9.86,2.2,308.8,-2.7,3,12,9.68,1.8,319.2,-2.8
2017-12-29 03:45:00,9.86,2.3,310.1,-2.7,3,12,9.32,1.8,297.1,-3.1
2017-12-30 03:00:00,10.04,0.5,266.1,-4.4,3,12,8.96,0.5,281.7,-4.0
2017-12-30 03:15:00,9.86,0.5,267.7,-4.4,3,12,8.78,0.4,267.3,-4.2
2017-12-30 03:30:00,9.5,0.9,252.1,-4.3,3,12,8.96,0.4,269.6,-4.0
2017-12-30 03:45:00,8.96,0.9,254.2,-4.3,3,12,9.14,0.5,230.0,-4.1
2017-12-31 03:00:00,17.42,3.2,287.6,-4.2,3,12,17.06,2.5,299.2,-3.8
2017-12-31 03:15:00,17.42,3.2,293.5,-4.1,3,12,17.06,2.5,299.8,-3.9
2017-12-31 03:30:00,17.42,3.1,289.2,-4.1,3,12,16.88,2.2,300.8,-3.9
2017-12-31 03:45:00,17.24,3.0,297.0,-4.0,3,12,17.06,2.8,302.7,-3.7
2018-12-01 03:00:00,32.9,0.3,313.4,-4.5,3,12,30.2,0.6,307.1,-4.9
2018-12-01 03:15:00,32.18,0.3,327.6,-4.5,3,12,29.84,0.4,305.7,-4.6
2018-12-01 03:30:00,31.1,0.5,256.5,-4.7,3,12,29.66,0.3,349.9,-4.6
2018-12-01 03:45:00,30.56,0.3,230.9,-5.0,3,12,29.48,0.3,349.5,-4.5
2018-12-02 03:00:00,43.52,2.5,111.7,-2.9,3,12,44.78,2.0,112.3,-2.5
2018-12-02 03:15:00,43.88,2.7,107.4,-2.8,3,12,45.14,1.9,109.9,-2.5
2018-12-02 03:30:00,44.06,2.3,111.4,-2.8,3,12,45.68,2.1,109.2,-2.5
2018-12-02 03:45:00,44.42,1.9,110.1,-2.7,3,12,46.04,1.5,88.4,-2.5
2018-12-03 03:00:00,52.16,0.9,215.9,-3.4,3,12,52.16,1.1,250.8,-3.1
2018-12-03 03:15:00,51.98,0.9,214.8,-3.4,3,12,52.52,1.2,256.3,-3.1
2018-12-03 03:30:00,51.98,1.2,228.3,-3.3,3,12,52.7,1.5,235.7,-3.1
2018-12-03 03:45:00,51.98,0.8,250.8,-3.2,3,12,52.88,1.4,253.5,-3.1
2018-12-04 03:00:00,40.82,2.0,303.4,-3.2,3,12,38.84,2.7,323.0,-3.9
2018-12-04 03:15:00,40.64,1.9,321.1,-3.2,3,12,37.76,2.9,327.8,-4.2
2018-12-04 03:30:00,40.28,2.2,327.9,-3.6,3,12,36.68,3.2,321.4,-4.2
2018-12-04 03:45:00,39.56,3.1,317.8,-3.6,3,12,35.96,3.0,325.6,-4.0
2018-12-05 03:00:00,23.36,0.5,310.2,-4.8,3,12,21.74,0.5,263.5,-4.9
2018-12-05 03:15:00,22.82,0.4,267.2,-4.8,3,12,21.38,0.4,324.2,-5.0
2018-12-05 03:30:00,22.1,0.4,244.3,-4.7,3,12,22.28,0.4,336.4,-5.0
2018-12-05 03:45:00,22.28,0.3,348.9,-4.9,3,12,20.3,0.5,236.2,-4.8
2018-12-06 03:00:00,20.12,0.6,277.5,-3.8,3,12,20.3,0.3,251.9,-3.9
2018-12-06 03:15:00,19.58,0.4,282.1,-3.7,3,12,19.94,0.2,257.0,-3.9
2018-12-06 03:30:00,19.76,0.5,273.5,-3.7,3,12,19.94,0.6,284.2,-4.0
2018-12-06 03:45:00,20.12,0.3,213.4,-4.0,3,12,19.76,0.4,277.6,-3.9
2018-12-07 03:00:00,35.42,1.3,247.8,-4.2,3,12,31.82,0.8,258.2,-4.1
2018-12-07 03:15:00,34.88,1.0,253.1,-4.1,3,12,30.02,0.7,262.2,-4.0
2018-12-07 03:30:00,34.16,0.9,260.4,-4.1,3,12,30.02,0.8,264.6,-4.0
2018-12-07 03:45:00,32.9,0.8,268.9,-4.1,3,12,31.1,0.9,265.6,-4.0
2018-12-08 03:00:00,22.28,0.6,313.5,-4.4,3,12,22.64,0.9,311.9,-4.4
2018-12-08 03:15:00,21.92,0.8,312.7,-4.4,3,12,22.82,0.8,307.7,-4.2
2018-12-08 03:30:00,22.46,0.6,330.0,-4.4,3,12,21.38,0.6,287.8,-4.2
2018-12-08 03:45:00,22.46,0.8,320.8,-4.4,3,12,19.4,0.7,222.4,-4.3
2018-12-09 03:00:00,18.32,0.2,274.4,-4.8,3,12,17.42,0.3,209.3,-5.2
2018-12-09 03:15:00,18.14,0.3,274.6,-4.6,3,12,17.24,0.7,227.9,-5.0
2018-12-09 03:30:00,17.78,0.3,269.8,-4.9,3,12,17.06,0.6,228.0,-5.0
2018-12-09 03:45:00,17.42,0.3,232.7,-5.1,3,12,17.06,0.6,286.9,-4.7
2018-12-10 03:00:00,20.84,0.6,328.1,-4.7,3,12,28.22,1.5,5.7,-4.0
2018-12-10 03:15:00,21.56,0.7,330.4,-4.5,3,12,29.3,1.5,358.4,-3.9
2018-12-10 03:30:00,22.64,0.7,341.7,-4.3,3,12,29.48,1.8,346.5,-4.0
2018-12-10 03:45:00,25.34,1.2,332.5,-4.2,3,12,29.66,1.6,358.7,-4.1
2018-12-11 03:00:00,16.52,0.5,303.6,-4.8,3,12,15.8,0.4,302.9,-4.9
2018-12-11 03:15:00,16.34,0.5,303.7,-4.4,3,12,15.62,0.5,305.4,-4.7
2018-12-11 03:30:00,15.98,0.4,303.5,-4.7,3,12,15.8,0.4,309.4,-4.6
2018-12-11 03:45:00,15.98,0.3,303.4,-4.9,3,12,15.62,0.2,308.9,-4.3
2018-12-12 03:00:00,30.92,2.2,306.6,-3.5,3,12,30.56,1.8,306.6,-3.2
2018-12-12 03:15:00,30.74,2.0,301.5,-3.3,3,12,30.56,2.0,308.1,-3.2
2018-12-12 03:30:00,30.92,2.5,296.5,-3.4,3,12,30.56,2.2,306.8,-3.4
2018-12-12 03:45:00,30.56,2.2,303.0,-3.3,3,12,30.92,1.9,313.6,-3.3
2018-12-13 03:00:00,28.04,0.8,27.2,-3.5,3,12,28.04,0.9,43.3,-3.7
2018-12-13 03:15:00,27.86,0.6,6.9,-3.8,3,12,28.04,1.0,62.5,-3.5
2018-12-13 03:30:00,28.04,0.5,75.1,-3.9,3,12,28.04,0.8,67.0,-3.6
2018-12-13 03:45:00,28.04,0.7,69.1,-3.6,3,12,28.04,0.8,44.4,-3.6
2018-12-14 03:00:00,35.06,0.6,31.1,-4.8,3,12,31.82,0.2,2.8,-5.2
2018-12-14 03:15:00,33.62,0.6,21.2,-4.7,3,12,31.46,0.3,309.5,-5.1
2018-12-14 03:30:00,33.26,0.4,359.6,-4.4,3,12,30.56,0.5,29.5,-5.3
2018-12-14 03:45:00,32.18,0.3,15.1,-4.8,3,12,30.74,0.2,33.1,-4.6
2018-12-15 03:00:00,45.32,0.2,295.3,-4.0,3,12,45.5,0.3,282.8,-3.9
2018-12-15 03:15:00,45.14,0.2,295.6,-4.0,3,12,45.5,0.3,151.6,-3.9
2018-12-15 03:30:00,45.5,0.2,206.2,-3.8,3,12,45.68,0.7,145.8,-4.0
2018-12-15 03:45:00,45.68,0.2,160.0,-3.9,3,12,46.4,1.3,153.0,-3.9
2018-12-16 03:00:00,42.26,2.3,63.8,-2.8,3,12,41.9,2.4,69.4,-3.1
2018-12-16 03:15:00,42.08,2.3,62.9,-2.8,3,12,41.72,2.4,66.4,-3.3
2018-12-16 03:30:00,42.08,2.5,65.6,-2.8,3,12,41.54,2.2,69.1,-3.1
2018-12-16 03:45:00,42.08,2.9,80.7,-2.9,3,12,41.0,2.1,64.6,-3.3
2018-12-17 03:00:00,36.68,2.4,326.2,-2.9,3,12,36.68,2.0,316.8,-2.9
2018-12-17 03:15:00,36.68,2.1,312.5,-2.9,3,12,36.68,2.2,317.6,-2.9
2018-12-17 03:30:00,36.86,2.0,320.5,-2.8,3,12,36.68,1.4,305.1,-2.9
2018-12-17 03:45:00,36.68,2.0,315.6,-2.9,3,12,36.86,1.4,309.1,-3.1
2018-12-18 03:00:00,35.24,4.8,302.3,-3.0,3,12,33.08,3.8,313.9,-3.2
2018-12-18 03:15:00,34.88,4.8,309.9,-3.2,3,12,32.54,3.5,312.9,-3.4
2018-12-18 03:30:00,34.16,4.8,313.5,-3.2,3,12,31.64,3.7,310.9,-3.5
2018-12-18 03:45:00,33.44,4.3,312.0,-2.9,3,12,30.92,2.7,322.7,-3.8
2018-12-19 03:00:00,22.1,0.7,270.0,-3.7,3,12,19.94,0.9,280.7,-3.9
2018-12-19 03:15:00,21.56,0.4,241.4,-3.8,3,12,20.12,0.7,277.7,-3.7
2018-12-19 03:30:00,20.48,0.5,248.5,-4.0,3,12,19.4,0.8,263.9,-3.7
2018-12-19 03:45:00,19.94,0.7,263.3,-3.9,3,12,19.76,0.9,261.1,-3.8
2018-12-20 03:00:00,25.16,0.1,151.1,-4.8,3,12,24.08,0.1,169.0,-5.5
2018-12-20 03:15:00,24.98,0.1,161.4,-5.1,3,12,24.08,0.1,169.1,-5.3
2018-12-20 03:30:00,24.8,0.1,169.0,-4.9,3,12,23.9,0.1,169.1,-5.1
2018-12-20 03:45:00,24.44,0.1,169.0,-5.2,3,12,24.08,0.2,169.1,-4.9
2018-12-21 03:00:00,53.06,5.1,126.4,-2.4,3,12,55.04,6.6,131.2,-2.0
2018-12-21 03:15:00,52.88,4.8,125.3,-2.1,3,12,55.22,7.4,129.6,-2.1
2018-12-21 03:30:00,53.78,6.3,130.2,-2.0,3,12,55.22,8.1,134.3,-2.1
2018-12-21 03:45:00,54.5,6.4,129.3,-2.0,3,12,55.22,7.6,133.0,-2.1
2018-12-22 03:00:00,50.9,2.6,189.7,-3.3,3,12,49.64,2.8,216.5,-3.1
2018-12-22 03:15:00,50.36,2.3,189.5,-3.2,3,12,49.28,2.3,207.3,-3.6
2018-12-22 03:30:00,50.18,2.3,203.5,-3.2,3,12,48.74,1.8,208.9,-3.6
2018-12-22 03:45:00,50.0,3.0,217.3,-3.1,3,12,48.56,2.7,203.6,-3.7
2018-12-23 03:00:00,37.22,2.3,296.5,-3.0,3,12,35.42,2.7,293.2,-3.8
2018-12-23 03:15:00,37.22,2.1,293.7,-3.2,3,12,35.42,2.6,297.4,-3.5
2018-12-23 03:30:00,36.5,2.4,295.6,-3.7,3,12,35.06,2.6,288.9,-3.3
2018-12-23 03:45:00,35.96,2.3,295.1,-3.9,3,12,35.24,2.4,291.8,-3.3
2018-12-24 03:00:00,31.64,0.5,339.6,-4.2,3,12,31.64,0.2,346.9,-4.8
2018-12-24 03:15:00,31.64,0.3,3.8,-4.3,3,12,31.64,0.1,303.4,-4.7
2018-12-24 03:30:00,31.64,0.3,350.1,-4.5,3,12,31.64,0.2,303.7,-4.6
2018-12-24 03:45:00,31.64,0.2,344.7,-4.8,3,12,31.64,0.3,39.9,-4.4
2018-12-25 03:00:00,33.98,1.7,279.1,-3.9,3,12,30.02,1.2,260.6,-3.9
2018-12-25 03:15:00,32.72,1.1,261.7,-3.9,3,12,29.48,1.4,274.7,-4.0
2018-12-25 03:30:00,31.46,1.1,256.1,-4.1,3,12,29.12,1.1,267.2,-4.0
2018-12-25 03:45:00,30.74,1.3,269.3,-4.0,3,12,28.76,1.1,265.4,-4.0
2018-12-26 03:00:00,21.92,0.5,262.0,-3.7,3,12,21.92,0.3,257.7,-3.7
2018-12-26 03:15:00,21.74,0.6,268.9,-3.8,3,12,21.92,0.4,240.6,-3.7
2018-12-26 03:30:00,21.92,0.5,269.5,-3.8,3,12,22.1,0.5,266.0,-3.9
2018-12-26 03:45:00,21.92,0.4,276.4,-3.8,3,12,21.92,0.6,275.9,-3.9
2018-12-27 03:00:00,33.8,1.2,275.9,-3.9,3,12,30.2,0.9,270.9,-3.9
2018-12-27 03:15:00,33.08,1.2,275.4,-3.9,3,12,28.94,0.9,277.8,-3.9
2018-12-27 03:30:00,32.72,1.2,275.3,-3.8,3,12,28.76,0.7,299.9,-4.0
2018-12-27 03:45:00,31.46,1.0,271.9,-3.8,3,12,28.58,0.8,270.7,-4.0
2018-12-28 03:00:00,42.98,3.6,141.2,-3.3,3,12,42.62,3.5,145.6,-4.3
2018-12-28 03:15:00,43.16,3.8,138.5,-3.2,3,12,42.08,3.7,145.2,-3.9
2018-12-28 03:30:00,43.52,3.8,142.1,-3.2,3,12,41.9,3.4,143.9,-3.6
2018-12-28 03:45:00,43.52,3.4,145.3,-3.6,3,12,41.9,3.0,142.2,-3.1
2018-12-29 03:00:00,53.42,1.5,267.4,-3.7,3,12,51.98,1.5,276.2,-3.5
2018-12-29 03:15:00,53.06,1.4,274.5,-3.7,3,12,51.62,1.1,267.3,-3.7
2018-12-29 03:30:00,52.88,1.7,267.0,-3.7,3,12,50.18,1.0,252.5,-3.8
2018-12-29 03:45:00,52.34,1.5,275.8,-3.6,3,12,50.9,1.3,279.9,-3.7
2018-12-30 03:00:00,30.38,0.7,344.5,-4.8,3,12,27.68,0.3,276.5,-4.7
2018-12-30 03:15:00,29.48,0.4,351.1,-4.8,3,12,27.14,0.2,244.7,-5.2
2018-12-30 03:30:00,28.4,0.5,316.5,-4.7,3,12,26.6,0.4,284.9,-4.7
2018-12-30 03:45:00,28.04,0.4,305.9,-4.6,3,12,26.6,0.5,288.5,-4.5
2018-12-31 03:00:00,24.44,0.2,237.5,-4.8,3,12,24.08,0.2,242.8,-5.0
2018-12-31 03:15:00,24.98,0.2,237.5,-4.6,3,12,23.9,0.2,242.8,-4.9
2018-12-31 03:30:00,24.44,0.3,240.0,-5.1,3,12,24.08,0.2,242.9,-4.7
2018-12-31 03:45:00,24.26,0.2,242.9,-4.8,3,12,24.44,0.2,242.9,-4.6
2019-12-01 03:00:00,27.5,0.7,23.1,-4.6,3,12,26.6,0.5,13.0,-4.4
2019-12-01 03:15:00,26.96,0.7,347.1,-4.6,3,12,25.7,0.6,337.6,-4.5
2019-12-01 03:30:00,26.6,0.7,336.1,-4.5,3,12,26.06,0.8,337.6,-4.4
2019-12-01 03:45:00,26.24,0.7,324.2,-4.4,3,12,25.7,0.6,305.7,-4.4
2019-12-02 03:00:00,38.12,3.1,41.1,-2.7,3,12,37.58,2.2,42.4,-2.9
2019-12-02 03:15:00,37.94,2.5,36.1,-2.9,3,12,37.58,2.6,44.0,-2.9
2019-12-02 03:30:00,37.76,2.7,44.5,-2.8,3,12,37.58,3.0,47.8,-2.8
2019-12-02 03:45:00,37.76,2.9,43.8,-2.8,3,12,37.58,2.5,41.6,-2.8
2019-12-03 03:00:00,30.92,3.0,337.4,-3.1,3,12,30.2,3.0,326.9,-3.2
2019-12-03 03:15:00,30.92,3.1,337.2,-3.1,3,12,30.02,2.9,326.1,-3.0
2019-12-03 03:30:00,30.92,2.7,330.8,-3.2,3,12,29.84,2.9,325.1,-3.1
2019-12-03 03:45:00,30.56,3.1,320.7,-3.2,3,12,29.84,3.1,325.5,-3.2
2019-12-04 03:00:00,25.52,0.5,329.4,-3.1,3,12,27.32,1.1,291.5,-3.6
2019-12-04 03:15:00,26.24,0.8,218.6,-3.2,3,12,28.4,1.0,275.0,-3.2
2019-12-04 03:30:00,26.42,0.6,154.5,-3.9,3,12,27.86,0.5,257.4,-3.4
2019-12-04 03:45:00,26.78,0.8,322.9,-3.5,3,12,28.04,0.4,184.0,-3.8
2019-12-05 03:00:00,33.98,1.4,273.5,-3.5,3,12,32.18,1.2,263.6,-3.9
2019-12-05 03:15:00,33.62,1.6,278.2,-4.0,3,12,32.72,1.4,263.2,-3.6
2019-12-05 03:30:00,33.26,1.7,275.2,-4.1,3,12,32.9,1.5,279.0,-3.7
2019-12-05 03:45:00,33.08,1.3,269.1,-4.0,3,12,33.08,1.5,275.3,-3.9
2019-12-06 03:00:00,33.62,2.9,291.6,-3.4,3,12,33.26,2.3,292.2,-3.5
2019-12-06 03:15:00,33.62,3.0,295.9,-3.4,3,12,33.44,2.3,293.9,-3.5
2019-12-06 03:30:00,33.62,2.7,293.2,-3.5,3,12,33.08,2.1,293.9,-3.7
2019-12-06 03:45:00,33.44,2.3,291.8,-3.6,3,12,33.08,2.3,284.4,-3.7
2019-12-07 03:00:00,33.26,2.1,311.7,-4.1,3,12,32.36,2.0,317.9,-4.4
2019-12-07 03:15:00,33.44,2.9,309.4,-4.1,3,12,31.64,1.8,310.1,-4.4
2019-12-07 03:30:00,33.26,2.5,312.7,-4.2,3,12,31.64,1.7,305.7,-4.3
2019-12-07 03:45:00,32.72,1.8,318.9,-4.3,3,12,31.28,1.5,308.7,-4.3
2019-12-08 03:00:00,18.68,0.6,281.3,-4.5,3,12,17.24,0.6,286.3,-4.5
2019-12-08 03:15:00,18.14,0.8,280.1,-4.4,3,12,17.24,0.5,283.2,-4.5
2019-12-08 03:30:00,17.78,0.5,335.6,-4.4,3,12,17.06,0.5,253.6,-4.6
2019-12-08 03:45:00,17.78,0.7,311.2,-4.5,3,12,16.88,0.5,255.1,-5.1
2019-12-09 03:00:00,46.4,1.1,173.0,-4.2,3,12,43.16,0.5,305.9,-4.0
2019-12-09 03:15:00,46.04,0.9,146.4,-4.1,3,12,44.24,0.8,183.8,-3.9
2019-12-09 03:30:00,44.06,0.7,239.6,-4.2,3,12,47.48,1.2,165.1,-3.6
2019-12-09 03:45:00,43.52,0.7,228.1,-4.0,3,12,48.92,1.8,173.2,-3.4
2019-12-10 03:00:00,53.06,2.9,224.7,-2.7,3,12,52.52,2.2,215.0,-3.0
2019-12-10 03:15:00,53.06,2.5,217.3,-2.9,3,12,52.52,2.4,207.3,-3.0
2019-12-10 03:30:00,52.88,3.0,217.1,-2.8,3,12,52.88,2.5,214.7,-3.0
2019-12-10 03:45:00,52.7,2.9,213.5,-2.9,3,12,53.06,2.5,215.1,-3.0
2019-12-11 03:00:00,35.6,2.0,344.5,-3.5,3,12,33.08,1.3,350.6,-3.8
2019-12-11 03:15:00,34.7,2.1,350.9,-3.4,3,12,32.72,1.5,343.0,-3.8
2019-12-11 03:30:00,34.16,2.0,334.5,-3.5,3,12,32.54,1.5,8.5,-3.6
2019-12-11 03:45:00,33.8,1.8,349.3,-3.5,3,12,32.36,1.3,340.8,-3.8
2019-12-12 03:00:00,26.78,2.6,312.0,-3.8,3,12,25.88,2.3,306.6,-4.1
2019-12-12 03:15:00,26.6,2.3,321.4,-4.0,3,12,25.7,2.1,313.7,-4.2
2019-12-12 03:30:00,26.42,2.2,312.3,-4.0,3,12,25.16,2.1,309.4,-4.1
2019-12-12 03:45:00,26.06,2.3,305.7,-4.2,3,12,24.8,2.2,307.8,-3.8
2019-12-13 03:00:00,26.24,0.8,32.7,-3.3,3,12,28.04,0.6,58.5,-3.2
2019-12-13 03:15:00,26.6,0.8,63.4,-3.3,3,12,27.86,0.5,50.8,-3.3
2019-12-13 03:30:00,26.96,0.8,69.9,-3.2,3,12,27.68,0.7,44.4,-3.9
2019-12-13 03:45:00,27.5,0.9,68.3,-3.2,3,12,26.96,0.6,38.7,-4.0
2019-12-14 03:00:00,55.94,6.2,129.4,-2.2,3,12,57.92,4.3,148.4,-2.3
2019-12-14 03:15:00,56.48,5.5,140.7,-2.2,3,12,57.92,4.3,149.9,-2.4
2019-12-14 03:30:00,56.84,4.1,145.2,-2.1,3,12,57.74,4.2,148.5,-2.5
2019-12-14 03:45:00,57.74,4.9,144.2,-2.2,3,12,57.74,4.1,148.7,-2.4
2019-12-15 03:00:00,42.44,3.1,273.7,-3.4,3,12,42.8,4.0,288.9,-3.0
2019-12-15 03:15:00,42.44,3.8,278.9,-3.4,3,12,42.98,4.1,281.1,-2.9
2019-12-15 03:30:00,42.62,3.8,284.3,-3.1,3,12,42.98,3.1,275.4,-3.1
2019-12-15 03:45:00,42.8,3.7,284.7,-3.0,3,12,42.62,3.0,271.9,-3.4
2019-12-16 03:00:00,32.18,2.3,296.2,-3.9,3,12,31.82,1.8,296.9,-3.6
2019-12-16 03:15:00,32.0,2.1,295.8,-3.7,3,12,31.46,1.2,274.8,-3.8
2019-12-16 03:30:00,31.82,2.1,285.9,-3.9,3,12,30.74,1.5,280.4,-4.1
2019-12-16 03:45:00,31.82,2.0,281.9,-3.6,3,12,30.02,1.6,301.9,-4.2
2019-12-17 03:00:00,29.84,2.0,78.7,-2.6,3,12,30.38,1.4,84.7,-2.5
2019-12-17 03:15:00,30.02,2.1,73.9,-2.6,3,12,30.56,1.3,50.9,-2.6
2019-12-17 03:30:00,30.02,1.9,69.3,-2.5,3,12,30.74,1.2,22.3,-2.8
2019-12-17 03:45:00,30.38,1.6,75.6,-2.6,3,12,31.1,1.1,43.5,-2.7
2019-12-18 03:00:00,30.56,2.7,318.7,-3.6,3,12,30.02,2.8,309.4,-3.8
2019-12-18 03:15:00,30.38,2.8,313.2,-3.6,3,12,29.66,2.0,310.6,-3.8
2019-12-18 03:30:00,30.2,2.8,314.4,-3.6,3,12,29.66,2.2,308.6,-4.0
2019-12-18 03:45:00,30.02,2.4,310.6,-3.8,3,12,29.48,2.3,305.5,-4.1
2019-12-19 03:00:00,16.88,5.4,293.8,-2.7,3,12,15.98,5.5,295.3,-2.8
2019-12-19 03:15:00,16.52,4.9,291.3,-2.7,3,12,15.8,4.9,299.4,-2.9
2019-12-19 03:30:00,16.16,5.3,295.8,-2.8,3,12,15.62,4.7,296.9,-2.9
2019-12-19 03:45:00,15.98,5.7,300.7,-2.7,3,12,15.8,4.9,295.8,-2.8
2019-12-20 03:00:00,21.74,2.1,310.2,-3.0,3,12,22.1,2.4,296.9,-2.9
2019-12-20 03:15:00,21.74,1.8,308.9,-3.0,3,12,22.28,3.1,294.8,-2.8
2019-12-20 03:30:00,21.92,2.6,301.4,-3.0,3,12,22.1,3.0,298.8,-3.0
2019-12-20 03:45:00,21.92,2.5,297.6,-2.8,3,12,21.92,2.7,302.8,-3.3
2019-12-21 03:00:00,19.04,0.7,304.4,-4.4,3,12,22.1,0.9,359.6,-4.3
2019-12-21 03:15:00,19.22,0.8,331.7,-4.5,3,12,22.1,0.7,31.0,-4.3
2019-12-21 03:30:00,20.12,0.8,347.5,-4.5,3,12,20.66,0.9,321.3,-4.3
2019-12-21 03:45:00,21.38,0.9,350.8,-4.3,3,12,20.12,0.7,323.5,-4.3
2019-12-22 03:00:00,20.12,0.6,310.8,-4.1,3,12,19.58,0.5,301.6,-4.0
2019-12-22 03:15:00,19.76,0.5,311.2,-4.0,3,12,19.4,0.4,295.0,-4.2
2019-12-22 03:30:00,19.76,0.5,334.5,-4.0,3,12,19.4,0.5,237.1,-3.7
2019-12-22 03:45:00,19.94,0.4,332.5,-4.2,3,12,19.4,0.6,258.8,-3.6
2019-12-23 03:00:00,30.38,1.1,264.4,-4.1,3,12,29.12,0.9,274.4,-4.1
2019-12-23 03:15:00,30.38,1.2,256.1,-4.2,3,12,28.76,0.9,250.0,-4.1
2019-12-23 03:30:00,29.84,1.0,259.4,-4.2,3,12,28.94,0.7,241.4,-3.9
2019-12-23 03:45:00,29.48,1.0,276.2,-4.0,3,12,29.12,0.7,266.7,-3.9
2019-12-24 03:00:00,31.28,0.6,261.9,-4.3,3,12,29.3,0.7,45.4,-4.4
2019-12-24 03:15:00,30.56,0.5,294.9,-4.0,3,12,29.66,0.9,326.7,-4.5
2019-12-24 03:30:00,30.2,0.6,285.2,-4.1,3,12,29.48,1.0,326.3,-4.3
2019-12-24 03:45:00,29.48,0.5,197.1,-4.2,3,12,29.48,0.9,319.6,-4.5
2019-12-25 03:00:00,23.72,0.6,341.1,-5.0,3,12,22.28,0.6,302.7,-4.5
2019-12-25 03:15:00,23.36,0.7,314.0,-4.9,3,12,22.28,0.4,313.0,-4.6
2019-12-25 03:30:00,22.82,0.6,283.7,-4.6,3,12,21.92,0.6,320.8,-4.8
2019-12-25 03:45:00,22.46,0.7,307.0,-4.5,3,12,21.74,0.7,324.1,-4.8
2019-12-26 03:00:00,27.32,0.5,284.9,-5.2,3,12,28.04,0.5,260.8,-4.5
2019-12-26 03:15:00,27.32,0.7,319.5,-5.1,3,12,28.58,0.5,261.7,-4.5
2019-12-26 03:30:00,27.14,0.6,299.1,-4.3,3,12,29.3,0.8,337.6,-4.5
2019-12-26 03:45:00,27.32,0.7,281.2,-4.2,3,12,29.66,0.7,328.0,-4.4
2019-12-27 03:00:00,41.9,1.9,130.0,-3.4,3,12,42.98,2.2,140.9,-3.8
2019-12-27 03:15:00,42.08,1.8,143.2,-3.5,3,12,43.16,2.0,140.6,-3.7
2019-12-27 03:30:00,42.26,1.6,147.7,-3.6,3,12,43.34,1.9,144.5,-3.8
2019-12-27 03:45:00,42.62,2.0,139.8,-3.8,3,12,43.52,2.0,145.3,-3.9
2019-12-28 03:00:00,37.04,0.9,262.3,-4.2,3,12,35.78,0.9,243.9,-4.3
2019-12-28 03:15:00,36.5,0.8,272.5,-4.3,3,12,34.88,1.1,279.7,-4.3
2019-12-28 03:30:00,36.14,0.9,279.8,-4.3,3,12,36.14,1.6,271.3,-4.3
2019-12-28 03:45:00,36.14,0.6,252.9,-4.4,3,12,35.42,1.2,268.1,-4.4
2019-12-29 03:00:00,27.14,0.5,342.9,-3.9,3,12,26.96,0.3,305.7,-4.3
2019-12-29 03:15:00,27.32,0.4,306.2,-3.9,3,12,26.96,0.3,310.6,-4.1
2019-12-29 03:30:00,27.32,0.5,339.7,-4.1,3,12,26.78,0.4,304.2,-4.5
2019-12-29 03:45:00,27.32,0.3,334.4,-4.2,3,12,26.6,0.8,319.3,-4.5
2019-12-30 03:00:00,37.94,2.0,67.0,-2.7,3,12,38.3,2.1,68.8,-2.7
2019-12-30 03:15:00,38.12,2.3,71.0,-2.8,3,12,38.3,2.5,69.8,-2.7
2019-12-30 03:30:00,38.12,2.4,77.5,-2.7,3,12,38.12,2.5,83.0,-2.6
2019-12-30 03:45:00,38.12,1.7,72.9,-2.7,3,12,38.3,2.7,76.0,-2.6
2019-12-31 03:00:00,35.96,2.2,346.7,-3.3,3,12,35.96,2.3,352.5,-3.4
2019-12-31 03:15:00,35.78,2.0,347.0,-3.3,3,12,35.78,1.6,332.7,-3.5
2019-12-31 03:30:00,35.96,2.2,344.2,-3.4,3,12,35.6,1.9,323.3,-3.6
2019-12-31 03:45:00,35.96,2.4,344.8,-3.4,3,12,35.24,1.8,332.0,-3.4
2020-12-01 03:00:00,56.12,2.0,182.8,-3.7,3,12,55.4,1.2,174.8,-3.6
2020-12-01 03:15:00,56.12,1.8,197.9,-3.6,3,12,55.22,1.5,175.7,-3.6
2020-12-01 03:30:00,55.94,1.6,189.1,-3.7,3,12,55.22,1.2,190.3,-3.5
2020-12-01 03:45:00,55.58,1.5,187.3,-3.6,3,12,55.04,1.3,173.5,-3.4
2020-12-02 03:00:00,34.7,1.7,256.9,-3.7,3,12,34.7,2.1,250.9,-3.7
2020-12-02 03:15:00,34.88,1.6,247.6,-3.5,3,12,34.52,2.0,241.2,-3.9
2020-12-02 03:30:00,34.7,2.0,262.8,-3.9,3,12,34.16,1.6,240.6,-3.8
2020-12-02 03:45:00,34.88,2.4,259.1,-3.8,3,12,33.98,1.3,242.1,-3.8
2020-12-03 03:00:00,32.0,1.0,271.9,-3.8,3,12,29.48,0.5,240.9,-4.2
2020-12-03 03:15:00,32.18,0.7,187.5,-4.0,3,12,28.94,0.4,196.1,-4.1
2020-12-03 03:30:00,30.92,0.8,173.4,-4.0,3,12,28.4,0.6,206.4,-4.0
2020-12-03 03:45:00,29.66,0.5,263.5,-4.1,3,12,28.4,0.5,230.0,-3.9
2020-12-04 03:00:00,48.02,1.6,213.7,-3.6,3,12,47.3,1.5,229.3,-4.1
2020-12-04 03:15:00,48.2,1.7,231.8,-3.7,3,12,47.3,1.8,228.7,-4.1
2020-12-04 03:30:00,47.84,1.3,246.0,-3.9,3,12,47.12,1.7,213.0,-4.1
2020-12-04 03:45:00,47.48,1.9,240.3,-4.1,3,12,47.3,2.0,222.3,-3.9
2020-12-05 03:00:00,43.34,0.3,74.4,-3.0,3,12,43.52,0.6,96.8,-2.7
2020-12-05 03:15:00,43.34,0.3,63.0,-3.1,3,12,43.52,0.5,46.8,-2.5
2020-12-05 03:30:00,43.34,0.4,67.6,-2.9,3,12,43.88,0.7,94.8,-2.4
2020-12-05 03:45:00,43.34,0.5,49.0,-3.0,3,12,44.06,0.9,76.8,-2.4
2020-12-06 03:00:00,36.5,3.3,291.8,-3.4,3,12,36.68,3.8,293.2,-3.5
2020-12-06 03:15:00,36.5,3.4,293.5,-3.4,3,12,36.68,3.4,297.1,-3.5
2020-12-06 03:30:00,36.5,3.4,295.1,-3.3,3,12,36.5,3.4,295.4,-3.4
2020-12-06 03:45:00,36.5,3.7,294.0,-3.3,3,12,36.5,3.4,290.5,-3.4
2020-12-07 03:00:00,26.06,0.5,271.5,-3.9,3,12,24.62,0.7,265.3,-3.8
2020-12-07 03:15:00,25.52,0.6,231.7,-4.1,3,12,24.44,0.7,195.3,-3.8
2020-12-07 03:30:00,24.44,0.7,239.5,-4.0,3,12,25.52,0.5,215.7,-4.2
2020-12-07 03:45:00,24.62,0.6,293.5,-3.9,3,12,24.62,0.5,266.5,-4.3
2020-12-08 03:00:00,30.2,1.7,356.4,-3.4,3,12,29.66,1.4,355.1,-3.4
2020-12-08 03:15:00,30.2,2.1,348.0,-3.4,3,12,29.48,1.9,359.7,-3.5
2020-12-08 03:30:00,30.02,1.2,351.8,-3.4,3,12,29.3,2.1,6.2,-3.5
2020-12-08 03:45:00,29.84,1.2,357.6,-3.3,3,12,29.12,1.8,339.8,-3.4
2020-12-09 03:00:00,19.4,0.9,245.9,-4.4,3,12,20.3,0.6,152.8,-4.2
2020-12-09 03:15:00,19.4,0.3,229.0,-4.3,3,12,20.3,0.3,178.9,-4.0
2020-12-09 03:30:00,19.94,0.7,134.5,-4.2,3,12,19.94,0.6,163.2,-3.6
2020-12-09 03:45:00,20.48,0.5,114.3,-4.1,3,12,20.12,0.4,209.6,-3.6
2020-12-10 03:00:00,36.14,1.7,278.8,-3.1,3,12,33.62,0.9,273.9,-3.6
2020-12-10 03:15:00,35.96,1.2,293.3,-3.1,3,12,33.98,1.3,281.8,-3.7
2020-12-10 03:30:00,35.42,1.4,270.8,-3.7,3,12,34.88,1.5,292.4,-3.4
2020-12-10 03:45:00,34.34,1.3,264.6,-3.4,3,12,35.42,1.6,294.7,-3.6
2020-12-11 03:00:00,24.8,0.3,252.9,-4.3,3,12,24.62,0.3,238.7,-4.1
2020-12-11 03:15:00,24.62,0.3,239.4,-3.8,3,12,24.62,0.4,274.1,-4.1
2020-12-11 03:30:00,24.62,0.3,235.7,-3.8,3,12,24.62,0.7,285.4,-4.3
2020-12-11 03:45:00,24.44,0.3,235.8,-4.2,3,12,24.8,0.9,290.7,-4.7
2020-12-12 03:00:00,39.56,0.2,164.9,-4.4,3,12,39.38,0.2,152.1,-4.4
2020-12-12 03:15:00,39.92,0.3,160.3,-4.5,3,12,39.92,0.2,152.1,-4.7
2020-12-12 03:30:00,40.1,0.2,178.1,-4.6,3,12,39.38,0.3,154.4,-4.9
2020-12-12 03:45:00,40.1,0.3,171.6,-4.5,3,12,39.38,0.2,158.4,-4.4
2020-12-13 03:00:00,51.62,1.3,199.2,-4.0,3,12,51.8,1.8,212.1,-3.5
2020-12-13 03:15:00,51.44,1.1,208.9,-3.9,3,12,51.62,1.3,195.6,-3.8
2020-12-13 03:30:00,51.62,1.9,222.9,-3.7,3,12,51.62,1.5,198.5,-4.2
2020-12-13 03:45:00,51.8,1.7,211.7,-3.5,3,12,51.08,1.2,194.7,-4.3
2020-12-14 03:00:00,39.2,1.2,327.2,-4.0,3,12,40.46,1.0,17.8,-3.9
2020-12-14 03:15:00,40.46,0.7,324.5,-3.7,3,12,40.28,0.9,357.9,-3.9
2020-12-14 03:30:00,40.64,0.8,339.3,-3.8,3,12,40.1,0.7,28.3,-3.9
2020-12-14 03:45:00,40.64,0.8,13.3,-4.0,3,12,39.74,1.2,0.2,-3.9
2020-12-15 03:00:00,31.64,1.7,289.2,-3.9,3,12,31.64,1.4,276.5,-3.9
2020-12-15 03:15:00,31.46,1.5,283.3,-3.9,3,12,31.46,1.6,276.6,-3.9
2020-12-15 03:30:00,31.82,1.6,282.6,-3.9,3,12,31.28,1.6,281.6,-3.9
2020-12-15 03:45:00,31.82,1.6,283.0,-3.9,3,12,30.74,1.3,285.6,-3.9
2020-12-16 03:00:00,25.7,0.7,354.3,-4.4,3,12,25.34,0.6,354.7,-4.2
2020-12-16 03:15:00,25.52,0.7,1.8,-4.3,3,12,25.34,0.8,4.8,-4.3
2020-12-16 03:30:00,25.7,0.8,27.0,-4.2,3,12,25.34,0.9,6.3,-4.3
2020-12-16 03:45:00,25.52,0.7,27.6,-4.3,3,12,25.16,0.9,19.3,-4.4
2020-12-17 03:00:00,32.54,3.8,87.8,-2.3,3,12,33.8,3.2,59.2,-2.1
2020-12-17 03:15:00,32.9,2.8,80.5,-2.1,3,12,33.98,3.2,60.1,-2.2
2020-12-17 03:30:00,33.08,3.4,66.9,-2.2,3,12,34.16,2.8,48.3,-2.2
2020-12-17 03:45:00,33.44,3.3,70.3,-2.1,3,12,34.34,2.7,35.2,-2.2
2020-12-18 03:00:00,26.24,0.6,347.0,-2.7,3,12,25.88,1.0,3.5,-2.8
2020-12-18 03:15:00,26.06,1.1,358.1,-2.8,3,12,25.88,0.8,3.6,-2.8
2020-12-18 03:30:00,26.06,0.9,11.2,-2.8,3,12,25.7,0.8,3.5,-2.9
2020-12-18 03:45:00,25.88,0.8,12.3,-2.8,3,12,25.7,0.8,358.7,-3.0
2020-12-19 03:00:00,14.18,0.2,296.2,-3.9,3,12,13.46,0.3,273.6,-4.1
2020-12-19 03:15:00,13.82,0.5,258.0,-3.9,3,12,13.28,0.3,314.3,-3.9
2020-12-19 03:30:00,13.46,0.4,260.7,-4.0,3,12,13.46,0.2,305.7,-3.5
2020-12-19 03:45:00,13.46,0.6,321.3,-4.0,3,12,12.56,0.3,282.0,-3.6
2020-12-20 03:00:00,22.28,0.5,280.8,-4.2,3,12,23.0,0.2,275.3,-4.4
2020-12-20 03:15:00,22.46,0.6,280.8,-4.2,3,12,23.0,0.2,285.8,-4.5
2020-12-20 03:30:00,22.82,0.2,285.6,-4.3,3,12,23.18,0.2,32.4,-4.5
2020-12-20 03:45:00,23.0,0.2,285.8,-4.4,3,12,23.0,0.3,6.4,-4.3
2020-12-21 03:00:00,31.1,0.5,336.2,-4.2,3,12,31.28,0.7,296.0,-3.6
2020-12-21 03:15:00,31.1,0.5,333.5,-4.1,3,12,31.28,0.7,307.5,-3.4
2020-12-21 03:30:00,31.1,0.5,302.5,-4.0,3,12,31.82,0.5,332.1,-3.3
2020-12-21 03:45:00,31.1,0.7,298.1,-4.1,3,12,32.0,0.3,277.5,-3.3
2020-12-22 03:00:00,33.26,0.4,202.0,-4.0,3,12,35.42,0.8,225.7,-3.4
2020-12-22 03:15:00,33.44,0.5,208.5,-3.8,3,12,35.06,0.5,237.9,-3.4
2020-12-22 03:30:00,34.52,0.8,220.9,-3.7,3,12,35.24,0.8,219.0,-3.4
2020-12-22 03:45:00,35.24,0.9,230.3,-3.5,3,12,34.88,1.0,226.9,-3.4
2020-12-23 03:00:00,36.32,2.3,282.7,-3.6,3,12,31.1,0.8,301.3,-4.3
2020-12-23 03:15:00,35.6,1.8,287.2,-3.8,3,12,30.56,1.4,300.4,-3.9
2020-12-23 03:30:00,35.42,1.2,272.4,-4.0,3,12,31.64,1.2,268.4,-3.5
2020-12-23 03:45:00,33.98,0.6,217.4,-4.3,3,12,30.38,1.1,275.8,-3.6
2020-12-24 03:00:00,33.98,0.5,164.5,-4.1,3,12,34.16,0.3,130.5,-4.0
2020-12-24 03:15:00,33.62,0.6,131.9,-4.3,3,12,33.98,0.3,124.5,-4.1
2020-12-24 03:30:00,33.98,0.4,150.2,-4.0,3,12,34.52,0.3,118.2,-4.2
2020-12-24 03:45:00,33.62,0.3,132.0,-4.1,3,12,34.88,0.4,119.8,-4.1
2020-12-25 03:00:00,58.64,7.8,145.3,-1.8,3,12,59.54,6.8,149.3,-1.9
2020-12-25 03:15:00,58.82,7.7,141.9,-1.8,3,12,59.18,6.4,149.9,-1.9
2020-12-25 03:30:00,59.18,7.5,146.5,-1.8,3,12,58.82,6.6,145.7,-1.9
2020-12-25 03:45:00,59.18,7.9,149.0,-1.8,3,12,59.18,7.0,142.8,-1.9
2020-12-26 03:00:00,25.52,2.4,237.3,-3.6,3,12,24.62,2.3,238.2,-3.5
2020-12-26 03:15:00,25.34,3.0,239.7,-3.6,3,12,24.62,2.8,242.7,-3.5
2020-12-26 03:30:00,25.16,2.5,241.8,-3.6,3,12,24.44,3.3,243.8,-3.3
2020-12-26 03:45:00,24.98,2.2,241.9,-3.5,3,12,24.08,2.6,248.1,-3.3
2020-12-27 03:00:00,19.94,0.4,195.0,-3.7,3,12,18.86,0.7,231.6,-3.7
2020-12-27 03:15:00,19.76,0.3,126.6,-3.7,3,12,19.4,0.8,192.1,-3.6
2020-12-27 03:30:00,19.58,0.6,266.3,-3.7,3,12,19.58,0.6,157.6,-3.6
2020-12-27 03:45:00,19.04,0.5,169.9,-3.7,3,12,18.86,0.6,270.5,-3.7
2020-12-28 03:00:00,24.62,0.3,0.6,-3.6,3,12,26.06,0.4,94.8,-3.5
2020-12-28 03:15:00,24.98,0.4,312.3,-3.5,3,12,26.42,0.2,93.3,-4.1
2020-12-28 03:30:00,25.52,0.3,321.7,-3.5,3,12,25.88,0.2,93.3,-4.7
2020-12-28 03:45:00,26.06,0.4,88.6,-3.5,3,12,25.88,0.4,93.2,-4.7
2020-12-29 03:00:00,38.12,1.9,290.0,-3.8,3,12,37.58,3.7,301.4,-3.5
2020-12-29 03:15:00,38.12,2.4,293.0,-4.0,3,12,37.22,3.2,300.4,-3.5
2020-12-29 03:30:00,38.12,2.9,299.3,-3.8,3,12,36.86,3.2,298.9,-3.5
2020-12-29 03:45:00,37.58,3.1,296.2,-3.7,3,12,36.5,3.0,304.8,-3.5
2020-12-30 03:00:00,21.02,0.5,268.8,-3.6,3,12,20.84,0.4,255.1,-3.5
2020-12-30 03:15:00,20.84,0.4,284.5,-3.5,3,12,21.02,0.6,93.3,-3.4
2020-12-30 03:30:00,21.2,0.7,274.4,-3.5,3,12,21.2,0.6,270.5,-3.6
2020-12-30 03:45:00,20.84,0.5,259.9,-3.4,3,12,21.02,0.5,261.6,-3.4
2020-12-31 03:00:00,47.12,4.4,214.9,-2.8,3,12,47.48,3.6,223.4,-2.6
2020-12-31 03:15:00,47.12,3.6,219.5,-2.6,3,12,47.66,3.4,220.5,-2.6
2020-12-31 03:30:00,47.48,3.5,221.3,-2.4,3,12,47.66,3.2,221.0,-2.7
2020-12-31 03:45:00,47.48,3.1,219.6,-2.5,3,12,47.66,3.0,221.1,-3.0
2021-12-01 03:00:00,36.5,0.8,250.7,-4.1,3,12,36.5,0.9,269.8,-4.2
2021-12-01 03:15:00,36.68,1.1,252.4,-4.4,3,12,37.04,1.2,262.7,-4.2
2021-12-01 03:30:00,37.04,1.2,258.4,-4.3,3,12,37.76,1.4,271.6,-4.2
2021-12-01 03:45:00,37.4,1.1,267.6,-4.2,3,12,38.12,1.7,271.4,-4.2
2021-12-02 03:00:00,41.54,0.5,145.5,-4.3,3,12,44.06,2.1,135.0,-4.5
2021-12-02 03:15:00,41.36,0.4,121.1,-4.6,3,12,45.14,1.6,154.6,-4.5
2021-12-02 03:30:00,42.44,1.9,131.0,-4.5,3,12,45.68,1.5,158.9,-4.4
2021-12-02 03:45:00,43.7,1.0,144.7,-4.3,3,12,46.76,2.5,143.1,-4.3
2021-12-03 03:00:00,44.96,3.4,293.1,-3.5,3,12,44.78,5.4,288.4,-3.4
2021-12-03 03:15:00,45.14,4.4,295.9,-3.3,3,12,44.42,6.0,290.1,-3.6
2021-12-03 03:30:00,44.96,5.0,299.9,-3.2,3,12,44.24,4.9,297.8,-3.3
2021-12-03 03:45:00,44.96,6.0,289.4,-3.3,3,12,43.88,4.3,293.1,-3.4
2021-12-07 03:00:00,40.1,3.5,292.4,-3.3,3,12,39.92,3.8,292.5,-3.3
2021-12-07 03:15:00,39.92,3.2,292.6,-3.3,3,12,39.74,3.9,297.1,-3.3
2021-12-07 03:30:00,40.1,3.6,290.2,-3.4,3,12,39.56,3.3,299.2,-3.4
2021-12-07 03:45:00,40.1,4.2,293.7,-3.2,3,12,39.56,2.9,292.7,-3.6
2021-12-08 03:00:00,31.1,0.3,272.8,-5.1,3,12,31.64,0.3,116.8,-4.1
2021-12-08 03:15:00,31.28,0.3,269.0,-5.1,3,12,32.18,0.4,67.3,-3.9
2021-12-08 03:30:00,31.28,0.3,231.1,-5.2,3,12,32.18,0.5,38.3,-4.2
2021-12-08 03:45:00,31.46,0.3,179.8,-4.5,3,12,32.36,0.5,5.7,-4.3
2021-12-09 03:00:00,31.82,1.1,280.9,-3.4,3,12,33.44,2.0,304.3,-3.1
2021-12-09 03:15:00,32.18,1.2,284.5,-3.2,3,12,33.44,1.7,306.5,-3.0
2021-12-09 03:30:00,32.72,1.4,292.9,-3.0,3,12,33.44,1.7,306.3,-3.2
2021-12-09 03:45:00,33.26,1.8,289.6,-3.2,3,12,33.62,2.3,305.0,-3.4
2021-12-10 03:00:00,33.8,0.7,98.7,-2.9,3,12,33.44,0.3,43.6,-3.1
2021-12-10 03:15:00,33.62,0.6,78.9,-2.9,3,12,33.26,0.5,325.2,-3.3
2021-12-10 03:30:00,33.8,0.7,69.8,-3.0,3,12,33.08,0.3,45.8,-3.8
2021-12-10 03:45:00,33.8,0.5,74.5,-3.0,3,12,33.26,0.3,81.8,-3.7
2021-12-11 03:00:00,41.18,0.4,6.1,-3.0,3,12,41.54,0.3,85.7,-3.7
2021-12-11 03:15:00,41.0,0.3,329.9,-3.8,3,12,41.9,0.3,86.6,-3.5
2021-12-11 03:30:00,41.0,0.4,7.3,-4.2,3,12,42.62,0.4,124.0,-3.4
2021-12-11 03:45:00,41.18,0.3,346.8,-4.2,3,12,42.8,0.3,145.9,-3.0
2021-12-12 03:00:00,47.3,4.0,291.5,-2.7,3,12,45.86,3.5,296.1,-3.0
2021-12-12 03:15:00,46.76,3.8,292.1,-2.8,3,12,45.86,4.3,299.4,-2.8
2021-12-12 03:30:00,46.4,3.7,293.8,-2.9,3,12,45.5,4.8,297.8,-2.7
2021-12-12 03:45:00,46.04,4.0,293.2,-3.1,3,12,45.14,4.3,298.9,-2.9
2021-12-13 03:00:00,37.4,1.4,253.9,-3.6,3,12,39.2,1.6,249.5,-3.4
2021-12-13 03:15:00,37.94,1.1,246.8,-3.6,3,12,39.02,1.8,240.6,-3.4
2021-12-13 03:30:00,38.48,1.8,253.1,-3.5,3,12,38.84,1.6,249.4,-3.3
2021-12-13 03:45:00,39.2,2.1,252.2,-3.4,3,12,39.02,1.9,242.7,-3.1
2021-12-14 03:00:00,33.62,0.9,268.6,-3.9,3,12,33.08,0.4,288.2,-4.1
2021-12-14 03:15:00,33.62,0.8,256.7,-4.0,3,12,33.08,0.3,307.2,-4.0
2021-12-14 03:30:00,33.44,0.8,275.8,-3.9,3,12,32.72,0.3,296.9,-3.9
2021-12-14 03:45:00,33.44,0.7,273.4,-4.0,3,12,32.0,0.3,262.2,-4.0
2021-12-15 03:00:00,30.56,0.8,37.4,-3.9,3,12,29.48,0.3,260.9,-4.1
2021-12-15 03:15:00,31.46,0.9,47.7,-3.5,3,12,28.76,0.3,277.9,-4.3
2021-12-15 03:30:00,33.98,0.6,135.2,-3.5,3,12,28.4,0.3,34.2,-4.5
2021-12-15 03:45:00,31.1,0.4,317.6,-3.6,3,12,28.04,0.3,9.9,-4.3
2021-12-16 03:00:00,55.58,2.9,224.0,-2.7,3,12,54.32,1.9,218.0,-3.1
2021-12-16 03:15:00,55.4,2.9,231.6,-2.7,3,12,54.14,2.4,223.2,-3.1
2021-12-16 03:30:00,55.22,3.1,223.0,-3.1,3,12,53.78,2.4,220.4,-3.2
2021-12-16 03:45:00,54.68,2.5,230.0,-3.2,3,12,53.6,1.8,218.5,-3.3
2021-12-17 03:00:00,53.6,1.8,228.8,-3.3,3,12,54.68,1.3,241.8,-3.5
2021-12-17 03:15:00,53.96,1.9,231.8,-3.4,3,12,55.22,1.6,244.0,-3.6
2021-12-17 03:30:00,54.5,1.9,235.9,-3.5,3,12,55.94,1.9,249.0,-3.7
2021-12-17 03:45:00,54.68,1.9,229.7,-3.6,3,12,56.48,1.6,242.0,-3.6
2021-12-18 03:00:00,42.26,1.7,347.1,-3.4,3,12,42.44,1.6,357.2,-3.1
2021-12-18 03:15:00,42.26,1.7,350.9,-3.4,3,12,42.44,1.8,342.1,-3.2
2021-12-18 03:30:00,42.26,1.9,354.9,-3.3,3,12,42.44,1.1,345.3,-3.2
2021-12-18 03:45:00,42.44,1.5,337.1,-3.2,3,12,42.44,1.4,344.5,-3.2
2021-12-19 03:00:00,40.64,1.3,327.1,-3.3,3,12,39.92,0.8,326.0,-3.2
2021-12-19 03:15:00,40.28,1.4,333.0,-3.3,3,12,39.92,1.3,319.6,-3.3
2021-12-19 03:30:00,40.1,1.0,336.8,-3.3,3,12,40.1,1.3,319.1,-3.3
2021-12-19 03:45:00,39.92,0.7,342.9,-3.2,3,12,40.1,1.5,321.5,-3.1
2021-12-20 03:00:00,26.06,0.5,346.2,-4.0,3,12,23.54,0.6,312.2,-4.0
2021-12-20 03:15:00,25.16,0.5,327.1,-4.1,3,12,23.54,0.8,317.5,-3.9
2021-12-20 03:30:00,24.26,0.5,315.0,-4.1,3,12,23.9,0.7,313.4,-3.9
2021-12-20 03:45:00,23.9,0.6,321.0,-4.0,3,12,23.36,0.7,323.3,-4.0
2021-12-21 03:00:00,28.58,1.1,238.2,-3.6,3,12,29.48,1.1,241.8,-3.6
2021-12-21 03:15:00,29.3,0.8,254.5,-3.5,3,12,30.56,1.3,255.6,-3.6
2021-12-21 03:30:00,29.66,1.1,229.7,-3.5,3,12,29.84,1.3,239.2,-3.5
2021-12-21 03:45:00,29.66,1.1,244.0,-3.6,3,12,29.3,1.1,275.0,-3.6
2021-12-22 03:00:00,40.82,0.6,9.7,-3.2,3,12,40.82,0.5,19.4,-3.7
2021-12-22 03:15:00,40.82,0.4,347.3,-3.4,3,12,41.54,0.4,15.2,-3.7
2021-12-22 03:30:00,41.36,0.6,354.2,-3.3,3,12,41.72,0.4,1.7,-3.7
2021-12-22 03:45:00,41.36,0.5,355.4,-3.5,3,12,42.08,0.7,338.5,-3.7
2021-12-23 03:00:00,33.62,2.1,305.5,-3.2,3,12,32.54,2.3,322.7,-3.4
2021-12-23 03:15:00,33.44,2.3,320.7,-3.3,3,12,32.18,2.5,308.6,-3.3
2021-12-23 03:30:00,32.9,2.3,315.4,-3.5,3,12,31.64,2.0,312.1,-3.5
2021-12-23 03:45:00,32.72,2.2,315.1,-3.4,3,12,31.28,1.8,309.2,-3.6
2021-12-24 03:00:00,28.58,1.0,85.1,-2.9,3,12,27.86,1.5,105.2,-2.7
2021-12-24 03:15:00,28.58,1.0,96.8,-2.9,3,12,27.5,1.7,99.0,-2.7
2021-12-24 03:30:00,28.58,0.9,86.2,-2.8,3,12,27.14,1.4,95.5,-2.7
2021-12-24 03:45:00,28.4,1.3,91.6,-2.8,3,12,27.14,1.2,93.6,-2.7
2021-12-25 03:00:00,33.8,0.5,87.3,-3.8,3,12,34.16,0.4,46.6,-3.2
2021-12-25 03:15:00,33.98,0.8,76.0,-3.4,3,12,34.34,0.5,28.5,-3.1
2021-12-25 03:30:00,33.8,1.1,79.1,-3.2,3,12,34.34,0.5,355.8,-3.3
2021-12-25 03:45:00,33.98,0.4,8.1,-3.0,3,12,34.52,0.4,77.1,-3.5
2021-12-26 03:00:00,39.56,1.0,312.7,-3.4,3,12,37.4,0.6,288.1,-3.6
2021-12-26 03:15:00,39.2,1.2,309.0,-3.7,3,12,37.22,1.0,279.2,-3.4
2021-12-26 03:30:00,39.02,0.6,316.8,-3.5,3,12,38.66,1.2,300.3,-3.6
2021-12-26 03:45:00,38.3,0.4,294.1,-3.8,3,12,38.66,1.0,300.7,-3.6
2021-12-27 03:00:00,34.16,1.5,333.9,-4.0,3,12,32.72,0.7,311.8,-4.2
2021-12-27 03:15:00,34.7,1.6,309.5,-4.0,3,12,32.18,1.1,317.4,-4.0
2021-12-27 03:30:00,34.7,1.5,305.9,-3.8,3,12,32.72,1.2,304.1,-3.8
2021-12-27 03:45:00,34.16,0.9,305.7,-4.1,3,12,32.54,1.1,306.8,-3.8
2021-12-28 03:00:00,36.14,0.3,220.2,-3.3,3,12,36.68,0.4,350.4,-3.0
2021-12-28 03:15:00,36.32,0.7,239.7,-3.4,3,12,36.86,0.6,319.0,-3.3
2021-12-28 03:30:00,36.5,0.6,224.1,-3.2,3,12,37.04,0.3,339.3,-3.0
2021-12-28 03:45:00,36.86,0.3,317.9,-2.9,3,12,37.22,0.5,342.2,-3.2
2021-12-29 03:00:00,39.38,0.8,84.7,-2.6,3,12,39.38,0.8,83.5,-3.0
2021-12-29 03:15:00,39.38,0.7,87.6,-2.6,3,12,39.38,0.5,97.8,-2.8
2021-12-29 03:30:00,39.38,0.6,53.2,-2.7,3,12,39.38,0.6,46.6,-2.8
2021-12-29 03:45:00,39.38,0.5,10.2,-2.8,3,12,39.38,0.7,53.2,-3.0
2021-12-30 03:00:00,43.34,0.7,155.7,-4.0,3,12,43.34,0.3,210.2,-3.4
2021-12-30 03:15:00,44.06,1.6,135.9,-3.7,3,12,43.52,0.4,138.5,-3.4
2021-12-30 03:30:00,43.88,0.5,27.7,-3.3,3,12,43.34,0.5,336.4,-3.3
2021-12-30 03:45:00,43.52,0.3,329.6,-3.3,3,12,43.34,0.3,340.8,-3.3
2021-12-31 03:00:00,45.5,0.3,286.9,-3.1,3,12,45.14,0.3,193.9,-3.2
2021-12-31 03:15:00,45.32,0.4,277.2,-3.1,3,12,45.32,0.3,201.3,-3.3
2021-12-31 03:30:00,45.14,0.3,191.4,-3.1,3,12,45.5,0.3,217.6,-3.4
2021-12-31 03:45:00,45.32,0.3,191.7,-3.5,3,12,45.32,0.5,171.5,-3.5
2022-12-01 03:00:00,38.66,4.4,294.6,-1.5,3,12,38.48,3.8,286.2,-1.2
2022-12-01 03:15:00,38.48,4.1,291.5,-1.6,3,12,38.12,2.9,290.7,-1.5
2022-12-01 03:30:00,38.3,4.4,295.6,-1.5,3,12,38.12,3.6,290.2,-1.2
2022-12-01 03:45:00,38.48,4.1,294.7,-1.4,3,12,38.3,3.6,288.4,-1.1
2022-12-02 03:00:00,25.34,0.3,239.8,-1.4,3,12,25.34,0.1,241.7,-1.4
2022-12-02 03:15:00,25.7,0.3,248.9,-1.4,3,12,25.52,0.1,251.1,-1.4
2022-12-02 03:30:00,25.16,0.4,255.3,-1.4,3,12,25.16,0.1,259.3,-1.3
2022-12-02 03:45:00,25.16,0.7,252.9,-1.4,3,12,24.98,0.1,274.0,-1.3
2022-12-03 03:00:00,43.52,1.0,172.6,-0.5,3,12,51.62,1.7,162.2,-0.6
2022-12-03 03:15:00,49.46,1.0,177.0,-0.5,3,12,52.34,1.9,166.2,-0.6
2022-12-03 03:30:00,50.54,1.3,167.9,-0.5,3,12,52.7,1.6,174.7,-0.6
2022-12-03 03:45:00,51.26,1.5,173.1,-0.6,3,12,52.88,1.7,162.6,-0.6
2022-12-04 03:15:00,41.0,3.1,302.4,-1.6,3,12,39.02,1.8,299.9,-1.6
2022-12-04 03:30:00,40.64,2.5,302.7,-1.7,3,12,38.84,1.8,304.4,-1.6
2022-12-04 03:45:00,39.92,2.1,308.7,-1.6,3,12,38.48,1.0,307.2,-1.6
2022-12-05 03:00:00,22.28,0.1,243.9,-1.3,3,12,22.28,0.1,243.9,-1.3
2022-12-05 03:15:00,22.46,0.1,243.8,-1.4,3,12,22.1,0.2,266.3,-1.4
2022-12-05 03:30:00,22.46,0.1,243.6,-1.4,3,12,21.92,0.1,282.3,-1.2
2022-12-05 03:45:00,22.64,0.1,243.7,-1.3,3,12,21.92,0.3,270.1,-1.4
2022-12-06 03:00:00,29.66,0.3,303.4,-1.2,3,12,30.2,0.3,307.6,-1.0
2022-12-06 03:15:00,29.48,0.2,303.7,-1.2,3,12,30.38,0.4,287.4,-0.9
2022-12-06 03:30:00,29.48,0.3,302.3,-1.0,3,12,30.56,0.2,298.9,-1.1
2022-12-06 03:45:00,29.66,0.3,304.8,-1.0,3,12,30.74,0.2,256.9,-1.1
2022-12-07 03:00:00,57.2,2.7,151.1,-0.6,3,12,57.02,2.3,156.6,-0.6
2022-12-07 03:15:00,57.02,2.9,149.8,-0.6,3,12,56.84,2.6,152.4,-0.6
2022-12-07 03:30:00,57.02,2.4,151.3,-0.6,3,12,56.84,2.3,160.1,-0.6
2022-12-07 03:45:00,57.02,2.5,150.5,-0.6,3,12,57.02,2.9,169.3,-0.6
2022-12-08 03:00:00,53.42,1.7,320.5,-0.8,3,12,51.08,1.4,321.9,-1.5
2022-12-08 03:15:00,53.42,1.6,318.0,-0.8,3,12,50.72,1.8,323.2,-1.5
2022-12-08 03:30:00,52.88,1.7,314.3,-1.5,3,12,50.9,2.6,328.2,-1.5
2022-12-08 03:45:00,51.62,1.4,322.1,-1.5,3,12,50.36,2.2,330.3,-1.6
2022-12-09 03:00:00,36.68,1.1,357.2,-1.5,3,12,35.96,1.1,13.2,-1.5
2022-12-09 03:15:00,36.68,1.4,356.3,-1.5,3,12,35.96,1.4,351.9,-1.5
2022-12-09 03:30:00,36.5,1.2,354.3,-1.5,3,12,36.14,1.1,4.3,-1.5
2022-12-09 03:45:00,36.14,1.1,350.0,-1.5,3,12,35.78,0.8,334.4,-1.5
2022-12-10 03:00:00,35.78,1.5,3.2,-1.5,3,12,34.7,1.3,17.0,-1.4
2022-12-10 03:15:00,35.42,1.5,21.1,-1.5,3,12,34.7,1.1,13.7,-1.4
2022-12-10 03:30:00,35.06,1.0,336.3,-1.5,3,12,34.52,1.3,6.6,-1.4
2022-12-10 03:45:00,34.7,1.2,7.2,-1.5,3,12,34.34,1.1,349.3,-1.5
2022-12-11 03:00:00,35.78,1.6,42.5,-0.7,3,12,35.96,1.3,55.1,-0.6
2022-12-11 03:15:00,35.78,1.3,38.7,-0.7,3,12,36.14,1.8,41.1,-0.6
2022-12-11 03:30:00,35.96,1.8,52.7,-0.6,3,12,36.14,1.5,44.4,-0.7
2022-12-11 03:45:00,35.96,1.3,40.9,-0.7,3,12,36.14,1.8,57.3,-0.7
2022-12-12 03:00:00,31.1,1.8,0.5,-0.8,3,12,31.1,1.6,1.7,-0.7
2022-12-12 03:15:00,31.1,1.6,1.9,-0.8,3,12,31.1,1.4,358.4,-0.7
2022-12-12 03:30:00,31.1,1.4,355.4,-0.7,3,12,31.1,1.9,358.1,-0.7
2022-12-12 03:45:00,31.1,1.7,5.2,-0.7,3,12,31.1,1.1,21.5,-0.7
2022-12-13 03:00:00,28.76,1.8,337.8,-1.5,3,12,27.5,1.8,327.9,-1.4
2022-12-13 03:15:00,28.4,1.5,330.5,-1.4,3,12,27.68,1.8,321.0,-1.4
2022-12-13 03:30:00,28.22,1.6,321.7,-1.5,3,12,27.32,1.3,315.9,-1.4
2022-12-13 03:45:00,27.86,1.7,320.2,-1.4,3,12,26.78,1.2,306.3,-1.4
2022-12-14 03:00:00,29.3,1.5,300.5,-1.5,3,12,26.24,0.9,260.2,-1.3
2022-12-14 03:15:00,28.76,1.3,276.3,-1.5,3,12,26.24,0.7,277.0,-0.8
2022-12-14 03:30:00,28.58,1.1,276.5,-1.4,3,12,29.3,1.5,287.4,-0.6
2022-12-14 03:45:00,27.68,1.0,263.1,-1.4,3,12,31.64,3.1,308.7,-0.9
2022-12-15 03:00:00,33.26,0.8,15.9,-1.3,3,12,31.82,0.7,7.7,-1.2
2022-12-15 03:15:00,33.26,0.4,356.5,-1.3,3,12,32.72,1.0,24.2,-1.1
2022-12-15 03:30:00,32.9,0.3,354.1,-1.3,3,12,33.98,1.1,53.7,-1.1
2022-12-15 03:45:00,31.82,0.7,17.0,-1.2,3,12,34.7,0.9,83.9,-1.1
2022-12-16 03:00:00,42.44,3.2,79.4,-0.7,3,12,43.34,3.6,81.6,-0.7
2022-12-16 03:15:00,42.62,3.0,78.1,-0.7,3,12,43.34,3.1,80.2,-0.7
2022-12-16 03:30:00,42.98,3.1,89.4,-0.7,3,12,43.52,3.3,84.1,-0.7
2022-12-16 03:45:00,43.16,4.1,82.2,-0.7,3,12,43.7,3.2,84.6,-0.7
2022-12-17 03:00:00,36.86,2.7,283.5,-1.2,3,12,37.58,2.9,293.2,-0.7
2022-12-17 03:15:00,37.4,2.9,283.9,-0.8,3,12,37.76,2.8,298.9,-0.5
2022-12-17 03:30:00,37.58,3.2,294.3,-0.7,3,12,37.76,2.9,296.0,-0.7
2022-12-17 03:45:00,37.58,3.0,293.1,-0.7,3,12,37.58,3.3,301.3,-1.0
2022-12-18 03:00:00,31.1,1.1,270.4,-1.4,3,12,27.68,0.6,251.9,-1.4
2022-12-18 03:15:00,30.56,1.0,269.1,-1.3,3,12,27.5,0.7,263.7,-1.4
2022-12-18 03:30:00,30.2,1.0,275.5,-1.3,3,12,27.86,0.9,268.4,-1.4
2022-12-18 03:45:00,28.76,0.7,258.0,-1.4,3,12,30.02,1.3,272.8,-1.4
2022-12-19 03:00:00,30.02,1.1,267.5,-1.4,3,12,28.4,1.5,271.1,-1.3
2022-12-19 03:15:00,29.12,1.2,275.2,-1.4,3,12,28.76,1.5,269.8,-1.4
2022-12-19 03:30:00,29.12,1.1,275.1,-1.4,3,12,29.12,1.2,266.3,-1.4
2022-12-19 03:45:00,28.76,1.2,278.7,-1.4,3,12,28.76,1.1,260.0,-1.4
2022-12-20 03:00:00,32.9,2.6,313.3,-1.5,3,12,32.72,2.9,312.0,-1.5
2022-12-20 03:15:00,32.9,2.4,320.2,-1.5,3,12,32.9,2.7,313.7,-1.5
2022-12-20 03:30:00,32.72,2.2,310.2,-1.5,3,12,32.54,2.6,309.5,-1.5
2022-12-20 03:45:00,32.9,2.7,309.9,-1.5,3,12,32.54,2.5,309.2,-1.5
2022-12-21 03:00:00,22.82,0.5,301.6,-1.4,3,12,22.28,0.5,298.2,-1.4
2022-12-21 03:15:00,22.46,0.4,302.7,-1.4,3,12,21.74,0.3,295.4,-1.4
2022-12-21 03:30:00,22.46,0.4,320.3,-1.4,3,12,21.38,0.4,240.8,-1.4
2022-12-21 03:45:00,23.0,0.3,298.1,-1.4,3,12,21.38,0.2,254.8,-1.4
2022-12-22 03:00:00,21.56,0.1,291.5,-1.2,3,12,23.54,0.3,60.0,-1.1
2022-12-22 03:15:00,22.46,0.1,296.1,-1.2,3,12,23.36,0.3,15.6,-1.2
2022-12-22 03:30:00,22.64,0.2,311.8,-1.2,3,12,22.82,0.4,309.1,-1.2
2022-12-22 03:45:00,22.82,0.5,351.7,-1.2,3,12,22.28,0.3,326.7,-1.2
2022-12-23 03:00:00,57.2,7.4,136.9,-0.5,3,12,57.2,8.2,136.1,-0.8
2022-12-23 03:15:00,57.56,7.8,136.2,-0.6,3,12,57.38,8.5,139.1,-0.7
2022-12-23 03:30:00,57.02,7.3,136.0,-0.7,3,12,57.38,8.4,136.6,-0.7
2022-12-23 03:45:00,57.02,7.5,135.1,-0.8,3,12,57.2,8.6,137.8,-0.8
2022-12-24 03:00:00,7.88,3.6,264.6,-1.1,3,12,7.34,3.8,266.0,-1.1
2022-12-24 03:15:00,7.7,2.9,258.7,-1.1,3,12,7.34,3.3,267.6,-1.1
2022-12-24 03:30:00,7.52,3.1,273.6,-1.1,3,12,7.34,3.1,269.4,-1.1
2022-12-24 03:45:00,7.52,3.8,272.3,-1.1,3,12,7.16,3.2,263.1,-1.0
2022-12-25 03:00:00,13.28,2.2,269.5,-1.2,3,12,13.1,1.6,247.2,-1.2
2022-12-25 03:15:00,13.1,2.2,268.0,-1.2,3,12,12.92,1.6,241.2,-1.2
2022-12-25 03:30:00,13.28,2.2,251.2,-1.2,3,12,12.92,1.8,247.9,-1.2
2022-12-25 03:45:00,13.1,1.8,249.1,-1.2,3,12,12.92,1.2,248.0,-1.2
2022-12-26 03:00:00,18.86,1.8,276.0,-1.3,3,12,15.8,0.5,239.9,-1.3
2022-12-26 03:15:00,18.86,1.2,263.3,-1.3,3,12,15.26,0.4,250.2,-1.3
2022-12-26 03:30:00,17.96,0.9,256.1,-1.3,3,12,15.62,1.3,269.9,-1.3
2022-12-26 03:45:00,16.7,0.8,242.3,-1.3,3,12,16.34,1.3,265.5,-1.3
2022-12-27 03:00:00,27.14,0.6,216.4,-0.7,3,12,27.32,0.8,229.9,-0.7
2022-12-27 03:15:00,26.96,0.6,235.3,-0.7,3,12,27.5,0.7,223.0,-0.7
2022-12-27 03:30:00,27.32,0.8,218.6,-0.7,3,12,27.5,0.7,225.6,-0.7
2022-12-27 03:45:00,27.32,0.7,222.4,-0.7,3,12,27.68,1.0,228.9,-0.7
2022-12-28 03:00:00,30.56,0.8,154.2,-0.9,3,12,29.66,0.4,184.6,-1.0
2022-12-28 03:15:00,30.74,1.0,136.3,-0.9,3,12,29.48,0.4,202.9,-0.8
2022-12-28 03:30:00,30.38,0.7,136.2,-0.9,3,12,29.48,0.2,148.1,-0.8
2022-12-28 03:45:00,30.2,0.3,160.3,-0.9,3,12,29.84,0.2,171.5,-0.9
2022-12-29 03:00:00,30.74,0.3,94.3,-1.3,3,12,29.3,0.1,285.9,-1.4
2022-12-29 03:15:00,30.56,0.6,158.9,-1.4,3,12,29.3,0.2,141.3,-1.3
2022-12-29 03:30:00,30.56,0.2,258.5,-1.5,3,12,29.48,0.2,106.8,-1.3
2022-12-29 03:45:00,30.02,0.2,348.5,-1.4,3,12,29.66,0.1,179.8,-1.4
2022-12-30 03:00:00,37.22,0.2,220.8,-0.8,3,12,36.14,0.4,230.1,-1.2
2022-12-30 03:15:00,37.04,0.3,187.0,-1.0,3,12,34.52,0.4,204.6,-1.1
2022-12-30 03:30:00,36.86,0.7,171.5,-1.2,3,12,34.34,0.3,200.6,-1.1
2022-12-30 03:45:00,36.68,1.0,164.4,-1.0,3,12,33.98,0.3,197.5,-0.9
2022-12-31 03:00:00,46.94,0.6,241.6,-0.6,3,12,45.5,0.2,200.5,-0.5
2022-12-31 03:15:00,47.12,0.4,209.9,-0.5,3,12,45.32,0.2,167.3,-0.8
2022-12-31 03:30:00,45.86,0.3,229.2,-0.5,3,12,46.22,0.4,182.4,-0.8
2022-12-31 03:45:00,45.68,0.3,183.7,-0.6,3,12,46.58,0.2,203.0,-0.9
2023-12-01 03:00:00,40.46,0.2,92.1,-1.5,3,12,36.68,0.3,225.1,-1.5
2023-12-01 03:15:00,39.02,0.1,129.4,-1.4,3,12,37.04,0.6,229.8,-1.5
2023-12-01 03:30:00,37.94,0.3,190.0,-1.4,3,12,37.4,0.6,206.3,-1.6
2023-12-01 03:45:00,37.4,0.2,192.6,-1.5,3,12,39.74,0.7,196.7,-1.6
2023-12-02 03:00:00,48.2,0.3,247.0,-0.2,3,12,47.84,0.8,190.9,-0.2
2023-12-02 03:15:00,48.02,0.6,181.8,-0.2,3,12,47.84,0.8,213.1,-0.2
2023-12-02 03:30:00,47.84,0.7,218.0,-0.2,3,12,47.84,0.9,224.7,-0.2
2023-12-02 03:45:00,48.02,0.9,230.2,-0.2,3,12,47.84,1.2,231.9,-0.3
2023-12-03 03:00:00,45.14,0.5,59.7,-0.8,3,12,45.32,1.3,79.1,-0.8
2023-12-03 03:15:00,45.14,0.8,45.0,-0.8,3,12,45.5,1.2,84.6,-0.8
2023-12-03 03:30:00,45.14,0.6,61.1,-0.9,3,12,45.86,1.4,59.3,-0.8
2023-12-03 03:45:00,45.14,0.6,72.0,-0.8,3,12,46.04,1.2,59.4,-0.7
2023-12-04 03:00:00,44.6,0.7,262.4,-0.9,3,12,44.24,1.7,235.9,-0.8
2023-12-04 03:15:00,44.6,1.1,254.5,-0.7,3,12,43.88,1.3,250.9,-1.2
2023-12-04 03:30:00,44.6,1.0,258.9,-1.2,3,12,43.16,1.1,266.5,-1.4
2023-12-04 03:45:00,44.24,1.5,230.8,-0.9,3,12,42.62,1.0,282.2,-1.4
2023-12-05 03:00:00,40.64,2.0,310.6,-1.6,3,12,39.02,1.3,317.7,-1.6
2023-12-05 03:15:00,40.46,1.9,312.3,-1.6,3,12,38.48,1.5,313.0,-1.6
2023-12-05 03:30:00,40.1,1.8,307.4,-1.6,3,12,38.48,1.3,312.6,-1.5
2023-12-05 03:45:00,39.56,1.7,305.7,-1.6,3,12,38.66,1.2,309.4,-1.5
2023-12-06 03:00:00,35.42,0.2,359.2,-0.9,3,12,34.88,0.2,43.0,-1.2
2023-12-06 03:15:00,35.24,0.1,315.6,-1.0,3,12,34.16,0.3,29.2,-1.3
2023-12-06 03:30:00,35.06,0.2,8.9,-1.1,3,12,33.44,0.2,31.9,-1.4
2023-12-06 03:45:00,34.88,0.3,38.1,-1.1,3,12,32.9,0.1,266.3,-1.3
2023-12-07 03:00:00,26.06,0.5,245.4,-1.5,3,12,24.8,0.1,305.4,-1.3
2023-12-07 03:15:00,25.34,0.2,336.8,-1.5,3,12,25.16,0.2,314.6,-1.4
2023-12-07 03:30:00,25.52,0.2,298.9,-1.5,3,12,24.44,0.2,248.3,-1.5
2023-12-07 03:45:00,25.52,0.1,317.5,-1.5,3,12,24.08,0.4,268.2,-1.5
2023-12-08 03:00:00,26.24,0.4,346.4,-1.4,3,12,25.16,0.1,220.1,-1.2
2023-12-08 03:15:00,26.42,0.4,1.2,-1.3,3,12,25.52,0.1,249.7,-1.2
2023-12-08 03:30:00,26.78,0.1,306.2,-1.3,3,12,25.7,0.1,266.8,-1.3
2023-12-08 03:45:00,25.7,0.1,198.9,-1.4,3,12,25.7,0.1,259.0,-1.5
2023-12-09 03:00:00,32.54,0.1,17.0,-1.4,3,12,31.82,0.1,62.4,-1.3
2023-12-09 03:15:00,32.54,0.1,321.2,-1.4,3,12,31.64,0.1,59.8,-1.2
2023-12-09 03:30:00,32.18,0.1,313.1,-1.3,3,12,31.46,0.1,59.0,-1.3
2023-12-09 03:45:00,32.0,0.1,321.7,-1.3,3,12,31.1,0.1,282.2,-1.3
2023-12-10 03:00:00,49.28,0.9,155.1,-1.2,3,12,48.38,1.2,148.5,-1.2
2023-12-10 03:15:00,49.28,1.1,154.5,-1.2,3,12,48.92,1.5,140.7,-0.8
2023-12-10 03:30:00,49.46,1.5,155.4,-1.3,3,12,50.0,1.4,148.8,-0.7
2023-12-10 03:45:00,49.28,1.0,162.6,-1.2,3,12,50.36,1.3,146.3,-0.7
2023-12-11 03:00:00,45.68,2.9,319.0,-0.5,3,12,44.6,2.3,322.0,-0.6
2023-12-11 03:15:00,45.32,3.4,312.3,-0.5,3,12,44.42,1.9,341.6,-0.6
2023-12-11 03:30:00,44.96,3.5,319.7,-0.5,3,12,44.6,1.6,333.7,-0.6
2023-12-11 03:45:00,44.78,2.9,330.1,-0.5,3,12,44.6,1.7,327.6,-0.6
2023-12-12 03:00:00,35.24,2.1,287.7,-1.5,3,12,35.78,2.6,290.7,-1.4
2023-12-12 03:15:00,35.24,2.0,289.1,-1.6,3,12,35.96,2.1,294.2,-1.3
2023-12-12 03:30:00,35.42,3.0,298.3,-1.6,3,12,35.96,2.0,293.4,-1.2
2023-12-12 03:45:00,35.42,2.5,290.6,-1.5,3,12,36.32,2.0,296.2,-1.1
2023-12-13 03:00:00,34.16,0.6,228.1,-1.5,3,12,33.08,0.8,282.4,-1.4
2023-12-13 03:15:00,34.52,0.7,255.6,-1.5,3,12,32.9,0.8,278.9,-1.5
2023-12-13 03:30:00,33.44,0.4,264.9,-1.4,3,12,32.0,0.7,282.7,-1.5
2023-12-13 03:45:00,33.26,0.6,275.0,-1.4,3,12,31.1,0.6,271.5,-1.5
2023-12-14 03:00:00,33.44,2.3,315.3,-1.5,3,12,31.64,1.1,331.8,-1.6
2023-12-14 03:15:00,32.9,1.3,304.8,-1.6,3,12,31.82,1.4,326.5,-1.6
2023-12-14 03:30:00,32.36,0.9,321.4,-1.6,3,12,31.82,1.5,331.1,-1.6
2023-12-14 03:45:00,31.82,1.5,317.0,-1.6,3,12,31.46,1.8,326.1,-1.6
2023-12-15 03:00:00,36.5,1.6,274.2,-1.4,3,12,34.34,1.1,262.4,-1.4
2023-12-15 03:15:00,36.32,1.4,261.6,-1.4,3,12,34.88,1.4,278.1,-1.4
2023-12-15 03:30:00,35.96,1.3,270.5,-1.4,3,12,34.52,1.1,276.1,-1.4
2023-12-15 03:45:00,34.88,1.0,255.3,-1.4,3,12,34.52,0.7,260.2,-1.4
2023-12-16 03:00:00,30.02,0.1,284.0,-1.3,3,12,29.48,0.3,314.6,-1.3
2023-12-16 03:15:00,29.48,0.1,277.3,-1.2,3,12,29.66,0.5,310.5,-1.4
2023-12-16 03:30:00,29.3,0.1,245.9,-1.4,3,12,29.3,0.4,280.5,-1.4
2023-12-16 03:45:00,29.48,0.1,275.9,-1.3,3,12,28.76,0.4,293.2,-1.3
2023-12-17 03:00:00,46.94,1.2,98.7,-0.8,3,12,46.22,1.6,84.3,-1.1
2023-12-17 03:15:00,46.76,1.4,85.1,-0.9,3,12,45.86,1.4,92.1,-1.0
2023-12-17 03:30:00,46.4,1.3,87.1,-1.2,3,12,46.22,1.4,88.6,-1.0
2023-12-17 03:45:00,46.04,1.3,84.7,-1.2,3,12,46.04,1.4,97.4,-1.1
2023-12-18 03:00:00,56.48,6.1,125.4,-0.6,3,12,57.2,9.8,131.4,-0.6
2023-12-18 03:15:00,57.02,6.7,121.5,-0.7,3,12,57.38,9.8,136.2,-0.7
2023-12-18 03:30:00,57.2,7.3,129.2,-0.7,3,12,57.56,10.2,134.2,-0.7
2023-12-18 03:45:00,57.02,8.8,130.4,-0.6,3,12,57.74,9.8,134.4,-0.7
2023-12-19 03:00:00,32.36,0.4,166.4,-1.5,3,12,30.74,0.4,284.2,-1.5
2023-12-19 03:15:00,32.18,0.2,217.6,-1.5,3,12,30.74,0.4,248.4,-1.4
2023-12-19 03:30:00,31.28,0.1,265.9,-1.5,3,12,30.92,0.4,237.7,-1.4
2023-12-19 03:45:00,30.92,0.4,275.4,-1.5,3,12,32.54,0.9,247.8,-1.1
2023-12-20 03:00:00,31.28,2.2,312.8,-1.4,3,12,30.74,2.1,314.2,-1.4
2023-12-20 03:15:00,31.1,2.4,315.2,-1.4,3,12,30.74,1.3,316.8,-1.5
2023-12-20 03:30:00,30.92,1.9,316.1,-1.4,3,12,30.56,1.2,317.4,-1.5
2023-12-20 03:45:00,30.74,1.9,314.0,-1.4,3,12,30.56,1.5,327.5,-1.5
2023-12-21 03:00:00,35.6,1.9,345.2,-1.4,3,12,35.42,1.7,343.8,-1.3
2023-12-21 03:15:00,35.42,2.1,330.2,-1.4,3,12,35.6,1.6,332.8,-1.3
2023-12-21 03:30:00,35.6,1.8,340.3,-1.4,3,12,35.6,1.6,332.6,-1.4
2023-12-21 03:45:00,35.24,1.5,346.0,-1.3,3,12,35.42,1.0,342.6,-1.4
2023-12-22 03:00:00,24.98,0.4,342.4,-1.6,3,12,23.0,0.5,329.5,-1.6
2023-12-22 03:15:00,24.98,0.5,318.2,-1.5,3,12,22.82,0.4,323.4,-1.6
2023-12-22 03:30:00,24.44,0.4,302.9,-1.6,3,12,21.74,0.5,315.1,-1.6
2023-12-22 03:45:00,22.82,0.6,315.5,-1.6,3,12,21.74,0.5,302.1,-1.5
2023-12-23 03:00:00,17.78,0.3,295.8,-1.5,3,12,17.78,0.3,319.6,-1.5
2023-12-23 03:15:00,17.6,0.4,315.4,-1.2,3,12,17.78,0.5,298.7,-1.4
2023-12-23 03:30:00,17.78,0.6,306.1,-1.4,3,12,17.78,0.5,299.3,-1.4
2023-12-23 03:45:00,17.6,0.4,307.0,-1.3,3,12,17.78,0.4,298.9,-1.2
2023-12-24 03:00:00,36.14,0.1,51.3,-0.8,3,12,36.5,0.1,69.7,-0.9
2023-12-24 03:15:00,36.14,0.1,316.4,-0.8,3,12,36.68,0.4,102.8,-0.8
2023-12-24 03:30:00,36.32,0.2,302.5,-0.9,3,12,37.4,0.9,93.2,-0.8
2023-12-24 03:45:00,36.32,0.1,275.6,-0.9,3,12,40.46,1.0,101.6,-0.9
2023-12-25 03:00:00,43.88,0.3,353.8,-0.6,3,12,43.88,0.6,332.5,-0.7
2023-12-25 03:15:00,43.88,0.2,341.4,-0.6,3,12,43.7,0.4,324.6,-0.7
2023-12-25 03:30:00,44.06,0.4,340.5,-0.6,3,12,43.52,0.5,320.7,-0.7
2023-12-25 03:45:00,43.88,0.4,343.4,-0.7,3,12,43.52,0.4,321.1,-0.7
2023-12-26 03:00:00,33.62,0.2,254.9,-1.1,3,12,32.9,0.3,271.7,-1.3
2023-12-26 03:15:00,33.8,0.2,271.8,-1.0,3,12,32.9,1.4,293.6,-0.8
2023-12-26 03:30:00,33.8,0.1,310.4,-1.2,3,12,34.34,0.7,294.4,-0.7
2023-12-26 03:45:00,33.08,0.1,234.5,-1.3,3,12,36.14,1.4,288.3,-0.7
2023-12-27 03:00:00,41.54,0.5,8.5,-0.7,3,12,41.18,0.5,65.5,-0.7
2023-12-27 03:15:00,41.36,0.4,34.1,-0.7,3,12,41.18,0.5,316.4,-0.7
2023-12-27 03:30:00,41.36,0.5,25.6,-0.7,3,12,41.18,0.2,46.5,-0.7
2023-12-27 03:45:00,41.18,0.8,88.1,-0.7,3,12,41.36,0.7,105.7,-0.7
2023-12-28 03:00:00,49.1,2.1,71.8,-0.8,3,12,49.1,1.9,72.1,-0.6
2023-12-28 03:15:00,49.1,2.4,74.0,-0.8,3,12,49.28,2.1,59.3,-0.7
2023-12-28 03:30:00,49.1,2.6,73.8,-0.7,3,12,49.28,2.3,49.7,-0.7
2023-12-28 03:45:00,48.92,2.5,69.0,-0.7,3,12,49.46,1.8,40.6,-0.7
2023-12-29 03:00:00,43.7,0.9,326.4,-0.8,3,12,43.52,0.4,298.5,-0.7
2023-12-29 03:15:00,43.7,0.7,314.5,-0.8,3,12,43.52,0.3,330.5,-0.7
2023-12-29 03:30:00,43.52,0.8,322.7,-0.7,3,12,43.52,0.5,341.2,-0.7
2023-12-29 03:45:00,43.52,0.5,307.9,-0.7,3,12,43.52,0.4,319.6,-0.7
2023-12-30 03:00:00,41.9,0.2,247.6,-1.0,3,12,41.54,0.2,221.0,-0.9
2023-12-30 03:15:00,41.54,0.4,185.7,-0.9,3,12,41.36,0.4,236.3,-0.9
2023-12-30 03:30:00,41.54,0.2,180.4,-0.9,3,12,41.36,0.4,254.1,-0.8
2023-12-30 03:45:00,41.54,0.1,175.7,-0.9,3,12,41.72,0.7,287.2,-0.7
2023-12-31 03:00:00,28.04,0.2,229.6,-1.4,3,12,28.76,0.3,14.9,-1.0
2023-12-31 03:15:00,27.86,0.1,252.9,-1.3,3,12,29.48,0.4,285.4,-0.9
2023-12-31 03:30:00,27.68,0.3,252.2,-1.2,3,12,30.02,0.3,312.7,-0.9
2023-12-31 03:45:00,28.04,0.3,83.2,-1.2,3,12,31.28,0.7,274.9,-1.0
